23100
101817
84134
63066
3298
21985
106666
4878
8139
192744
371699
106737
670619
22185
39429
70000
194240
59683
10198
33290
64943
244850
21671
190597
40759
78505
47743
78795
15140
89993
148815
45069
5335
22529
38658
236256
45687
29733
64883
593370
221130
109676
34598
46916
69088
10181
294319
8111
80209
147888
53963
209465
12118
31833
60750
2676
69929
136889
70045
27067
113708
95832
68488
36300
49951
112308
45754
25018
30400
16926
7603
87088
265480
65221
61014
45501
1062
32283
51619
357777
29322
3535
4128
142883
18008
16576
99339
13447
384
64092
213959
83964
265234
51295
12410
145087
185535
313131
184111
259855
