187973
662784
218530
73634
564906
692353
305402
686192
1083927
220980
391004
120835
19916
213891
751415
75176
234714
1723293
1215049
8988
1344744
555851
143708
865
898491
374029
382389
181652
1011669
124263
1198133
690227
759201
303848
532965
382769
99044
93483
1406998
299870
835987
28275
447364
250747
95093
279999
822000
361107
710178
1408345
90761
444283
93628
14460
223184
433244
114514
50349
327233
538051
100962
392986
920828
223906
74532
1111986
364427
13912
243776
200516
341147
1450084
119001
221710
1504954
817571
618229
52234
179352
11415
121331
265724
274376
1944
380268
97150
534462
95929
334605
324408
510227
923286
626942
25608
370115
898545
609104
1119198
30679
3249
