1909
2348
28832
12253
8026
12925
300
12137
7624
5460
5308
11127
6678
1768
19419
17328
6752
9646
5223
3587
4146
29771
3666
6113
25926
5108
1041
966
4768
8801
18398
3008
17294
5851
1173
12462
22136
6471
9874
6805
4237
3333
2283
4340
8214
19789
1851
4228
7887
10833
7856
16609
2429
5464
6650
1094
12932
8120
2594
4696
15092
1339
14994
26923
2008
19953
11324
11586
2522
13394
1459
4266
3639
12066
17135
30519
10187
3679
14273
2718
3071
136
15895
3193
2236
6335
2585
24209
15325
12467
4173
9485
12418
344
3441
1102
7966
18605
1685
9261
