40459
27825
3221
2781
25681
5464
13709
47534
8160
4107
44470
46610
38939
46707
11957
13749
35652
83367
8238
42259
4800
39408
34773
37014
27777
16464
2875
23176
20748
61317
20808
5678
10128
10016
7795
29887
145709
10819
92756
5470
42719
13847
35445
12763
69799
17371
6145
62372
37979
16134
54929
5723
86060
5953
6090
31388
32761
43650
14104
1218
3409
48474
22337
3959
14533
82440
22451
15386
12803
84221
11327
972
6292
27676
74166
36694
1319
18655
28960
9871
5468
25659
13396
27002
26624
110735
3496
723
18695
1382
35759
84505
2354
5250
2355
9228
4566
5603
1581
12888
