18792
2092
13894
29946
657
27668
1209
2484
47362
8462
1036
932
28246
4209
5698
18406
16097
22313
58949
34443
28143
11494
22682
8836
14199
3955
15257
4774
32164
13073
42383
26964
12000
55424
2504
15938
471
12344
2598
25741
3078
52532
10442
47568
48661
21381
8451
10927
34786
29333
3224
30522
80993
25596
7576
22309
11314
6103
31880
11988
4689
21020
5084
40069
21902
6133
20311
24270
53884
10597
36766
3282
14241
27837
809
8051
5748
24328
13093
28737
48552
18255
5536
26091
56571
5514
10781
6347
4319
731
21496
55007
35684
4286
43926
11455
9457
12236
8733
6000
