1209
9360
3758
4026
11941
360
4037
3365
8548
18650
4916
8331
5875
4859
8394
4162
489
4924
3461
15273
1730
8833
3030
2006
33000
2803
9172
23599
12558
5090
5151
3518
9395
4090
769
3439
14335
20804
11724
4885
1029
1037
2485
3322
893
2554
4757
615
24989
299
3326
7329
3559
16317
15564
3137
5188
4523
1662
3611
13979
11510
4912
24055
6912
25130
4792
9176
21103
3375
5604
4529
5462
7854
1290
780
4723
775
1906
601
12597
3171
13612
22035
5044
6308
1201
508
13135
8303
11363
9752
5672
9305
2777
5963
4546
13546
14059
15634
