2722
6794
3636
2320
7780
4891
23184
709
5759
5042
5969
4741
749
18727
9301
3864
3361
856
3274
9725
12814
3339
2912
9286
3721
6474
15024
13225
6958
7682
7781
11373
3852
2338
16150
6058
2832
8934
1622
7241
5438
15596
11436
13227
2358
5112
7664
1639
1237
5647
784
964
5666
1481
2980
8875
9173
10384
9504
9811
7925
4690
1587
2126
1772
23162
2134
4338
13743
2043
2376
1950
3279
7881
4367
4110
3493
7926
6451
10987
5741
15399
1649
9175
9938
5124
2737
3653
13581
1449
6558
2837
19515
4201
20753
12628
9604
12012
4855
9663
