4279
1373
4549
3790
1224
12408
6807
4946
5145
1322
1263
14001
2568
3648
2573
6808
5608
8326
4656
4853
6359
5988
1547
3271
2687
8097
2275
3136
4709
2293
1127
4601
3990
7591
1369
4509
6376
3175
5253
1561
6312
2195
3613
9936
4287
5146
7875
5812
15416
3001
2609
11238
14756
3582
6179
3142
3192
3454
1321
5017
2097
1123
2361
3943
18722
15986
23123
1835
5609
5398
2155
9273
8339
7486
5130
963
2365
13015
9556
6466
6662
2494
1302
1921
16512
1332
12394
10643
5457
3800
1482
11680
2476
5720
22072
1267
7296
2044
1716
3542
904
1910
2306
2284
1912
6251
4627
2190
12244
5946
1216
20176
8961
5187
2748
4253
3042
2143
7549
1335
2816
4504
20692
9465
7154
5379
9439
11797
1780
1424
5969
3516
2187
4756
2693
4988
6463
3102
10137
1614
1760
3248
21350
3200
5610
3158
1961
2692
5671
6609
8073
3866
2295
2817
7476
8741
7644
2257
1694
4749
8898
3966
987
7097
1728
1491
1262
16032
12970
3113
1755
7022
1130
1859
1708
3068
1741
1585
2525
10576
4012
12128
2010
5336
1558
7688
4711
2224
1118
5483
1123
1775
3906
1173
1039
4141
2453
966
1481
1499
1466
2234
7975
6183
2281
1171
756
1833
8967
6231
4943
7072
12984
3321
2241
4328
3428
4087
1146
9831
13283
4984
2504
1153
2845
2292
1641
968
1054
2501
14593
961
6844
1409
8101
4867
2064
4087
1650
4468
4184
2550
1668
13286
2005
2561
3468
5769
5164
10927
747
4489
4289
11601
4735
8693
5400
1977
1590
2497
17473
1386
3432
4775
1093
4691
902
17287
3387
7215
6173
9302
1986
1503
9046
6155
3797
3684
2229
6065
3605
2244
4604
2888
25414
1816
1326
1600
955
21243
1399
3616
2784
3836
4306
2964
2400
1062
1761
1184
1746
3851
1812
6567
13275
1902
2431
4546
2052
2430
5226
4428
3196
1608
12141
1256
2580
1455
934
1071
3082
2911
6098
2539
6737
6658
10633
2164
6397
6102
4807
911
8637
1407
3393
6702
2370
3609
1368
3205
3167
3362
21723
5259
7573
2325
5156
2740
856
1030
1096
28474
3574
4999
4811
2120
7543
23227
1199
4251
5309
2487
1246
11769
1903
3691
2423
4743
7097
13148
2762
7861
1344
11806
9080
8534
18348
4704
1101
11176
5121
5875
1437
1151
1700
9371
3785
5411
5655
4586
6961
4570
9705
2827
3636
6471
2144
8720
3121
941
7865
3564
12148
5381
7991
7084
12679
17139
2259
1271
13544
9173
4437
1276
10510
11565
2480
3089
7462
3387
3688
1572
2842
2407
5056
4475
1452
14153
6548
5465
3126
1038
6041
3262
2499
5046
2633
14221
3635
1494
8694
1077
11107
4920
4626
6326
4003
10598
5749
4252
15463
1681
3203
1469
2102
3268
1597
3733
2102
1296
9141
8163
1864
3950
2731
5730
903
2914
2697
6399
5605
5592
8450
4148
6324
8951
2980
1994
4104
3230
1828
4599
7920
1291
5267
2305
2765
6471
4324
3442
2824
1471
8849
2252
7807
886
3820
1249
2262
4538
3643
2908
1706
4898
6015
5816
1145
3506
12713
1080
4834
2341
2539
6297
1264
4335
4228
2483
1520
4798
8120
1077
8358
3800
8376
2333
5409
8106
747
11066
19933
1867
2289
6091
9187
9091
1329
3215
6033
5624
3068
4088
12490
12026
1296
2009
3484
2079
7057
1516
8138
811
10643
4987
2791
2711
1389
13481
1437
8679
1041
1703
3477
6101
2934
8143
2979
8641
2759
1916
3269
9921
4388
5031
9325
8193
1639
7319
3474
1774
1979
5310
4065
6413
4421
13411
1953
3738
4423
1374
6711
1518
1754
1456
10364
1046
14180
1577
19406
5981
2002
1708
3331
6225
3992
1808
3633
11117
1314
3449
2428
5662
8741
898
7437
1060
4394
987
5008
1914
3818
5428
3331
16177
9520
3539
12545
9889
8176
12940
4390
16251
1120
6257
2739
4499
3774
16983
3636
2214
9774
7127
21921
6797
11581
13975
11057
8311
3655
6744
887
1655
10187
2832
5936
3886
5892
12094
1455
8540
2658
10225
19931
3144
8328
1159
11100
7964
2874
3468
1192
1968
1154
1167
6148
3615
1587
1937
1841
14212
8473
2630
12358
11264
5162
1850
3201
2658
16197
8547
4371
7918
4904
10570
7637
3425
2806
6386
1670
852
6403
2433
3051
1596
3940
5632
1657
1396
13685
3056
8829
3912
7764
1297
1747
7293
2868
995
1451
2789
2948
5119
6232
1712
5358
1167
1991
1301
7184
917
3738
775
5216
1881
2750
11161
5591
9120
3897
13358
1191
5204
4740
3285
2627
1320
2482
1121
5416
3700
7915
5166
5414
1396
3526
5179
5015
3576
2310
3778
4465
2141
1703
6681
7922
5360
8117
1597
1520
2049
4485
12199
942
13374
3578
16947
909
1989
4413
1271
2231
3261
1590
8135
2763
1041
2264
12655
938
27056
2783
1384
1383
2995
2391
1104
3132
3667
1409
2120
2392
8862
5725
1840
9729
1450
15710
2880
7236
4807
5660
1669
8242
1110
2932
2318
5204
1191
3195
2290
5500
5004
992
9625
916
4280
1982
4359
5298
1258
1505
1419
2932
7982
1881
2936
2688
11605
3574
7063
2393
3160
8597
5927
14338
3353
3256
2933
10113
3686
2528
10713
2451
6696
18739
4120
1630
1329
2904
1195
4478
5312
9450
1176
2230
4809
1090
10009
1864
1062
8867
1198
2944
10872
6630
9300
4833
5878
5581
4606
766
4975
2185
5527
1980
14112
728
4903
1895
4045
5017
4601
1637
1385
1723
1391
6863
3111
8846
7909
6339
2271
5451
2649
4881
1975
4182
3927
4903
7445
1814
1706
7151
5598
3066
6583
7953
5115
5267
6976
2348
7986
5884
4766
859
3062
2104
1964
9707
19973
1648
1585
2407
14399
1096
14482
825
4930
3981
4416
2709
12250
5016
4805
1104
1161
2955
1763
895
4976
7373
7497
2644
4523
819
832
4983
6333
4530
6450
3148
9576
12353
1841
1452
4423
1540
2336
9373
8147
4949
7638
3689
2866
8071
1925
4915
1975
11687
1188
12882
13037
2783
2257
4226
2916
1375
7378
5681
992
2300
3999
6287
4344
15564
3955
4151
9328
1063
4020
1643
4949
4334
3512
1177
2574
850
5502
2034
2145
7098
2925
2866
1452
1243
6998
2412
2308
1298
1305
6848
4118
5508
3331
5526
2609
5625
8595
8575
3308
20445
3195
1094
17920
9758
3118
17254
1038
3796
1545
4019
1046
1648
7034
8506
14660
5782
4058
2868
2520
5102
1449
9537
7287
5576
2530
7204
3677
8225
1144
4309
3775
2966
5223
2919
4221
2721
2374
16569
1347
3950
3539
7354
3341
2063
3596
5840
6133
6708
7704
17901
1779
3552
3719
1053
4183
1327
14267
19795
8297
4850
2408
11253
2891
6824
1740
2754
2645
2024
23490
