884
1367
220
620
438
122
389
389
226
158
888
88
90
114
1140
451
666
369
154
477
89
463
1224
1481
681
517
629
1018
1120
1144
203
305
887
273
182
139
400
433
2290
541
1331
1155
70
547
667
451
199
108
591
322
959
199
621
273
312
181
299
865
1818
357
99
866
839
1534
284
417
94
145
1686
241
210
159
128
511
484
193
423
442
372
714
347
584
189
1586
1109
1420
1379
252
109
444
375
971
98
342
71
483
483
2153
342
372
993
172
263
234
749
291
560
155
1159
566
152
627
213
196
119
208
123
401
318
291
103
270
100
230
555
293
238
653
203
123
1929
1195
83
276
358
426
77
354
2835
550
417
67
222
315
553
155
105
1793
382
357
996
1581
351
372
2338
263
766
213
324
900
948
186
1082
457
1309
187
251
230
415
285
1189
1175
728
217
514
165
822
863
467
1522
116
542
375
125
97
922
104
1182
68
1027
137
492
194
119
107
115
776
443
300
782
420
74
281
171
220
178
205
925
1195
887
446
1042
108
351
266
1170
134
1100
238
34
157
2475
243
422
469
1664
232
1576
693
690
916
1191
1659
1750
194
773
1130
1338
194
1589
999
116
1413
702
1642
628
2254
494
119
336
150
484
204
458
1427
987
513
470
1164
395
389
1093
964
151
503
574
623
144
847
794
2169
1212
606
247
195
410
124
612
214
291
1166
104
274
113
74
1657
1107
584
947
260
1131
744
176
182
354
1174
225
1938
492
426
993
445
803
92
185
298
832
126
118
360
151
166
102
144
78
361
148
175
1883
433
352
147
844
801
92
523
92
137
326
414
121
383
2132
1430
972
133
115
888
1348
79
1000
849
699
648
782
827
359
593
416
402
137
131
175
779
91
779
119
879
138
1795
481
613
867
81
169
136
593
196
465
610
589
788
1132
316
472
350
172
268
557
175
816
223
461
131
270
231
644
525
1050
154
106
143
328
1309
278
346
367
330
1746
419
476
738
329
131
916
682
72
783
284
356
236
323
120
938
177
834
123
126
205
1000
1092
478
378
416
526
756
700
895
96
167
231
182
511
416
176
318
214
344
164
340
87
190
126
120
579
742
1608
323
521
428
656
274
318
123
283
643
1021
212
479
643
402
452
1452
302
962
437
381
873
144
179
98
642
179
688
283
61
166
1415
173
369
964
1017
109
200
1575
410
294
377
113
82
566
1275
602
1893
182
469
117
1750
665
112
391
1188
161
97
312
801
934
355
1985
247
216
264
4569
495
630
403
95
79
663
111
563
832
81
259
404
488
123
990
1158
392
360
180
249
161
129
685
489
265
544
206
795
214
97
1825
759
761
264
673
1321
308
1916
167
280
1561
926
1251
177
409
389
806
524
178
1554
524
325
2031
1081
402
780
105
1457
554
61
865
132
182
478
313
1072
1159
74
104
635
354
2799
1329
445
217
494
202
151
313
1263
1378
1288
385
99
288
521
198
1041
391
397
875
1352
179
596
2693
290
200
1059
207
115
521
164
326
471
482
64
225
633
701
271
701
527
1731
193
557
585
800
192
649
106
306
390
1366
208
274
1127
376
1638
184
252
84
572
287
1322
631
534
1259
71
154
827
452
273
559
730
906
52
217
1295
739
1045
99
127
161
334
412
757
1807
563
190
937
1367
110
76
1055
946
91
736
366
267
100
2450
389
306
3415
1166
1458
116
115
86
841
478
174
498
225
287
1498
246
293
142
738
558
112
1505
595
1105
82
465
292
552
372
26
116
603
693
782
631
322
254
563
467
650
266
428
443
255
823
62
1712
742
415
312
441
401
487
1169
247
358
1786
241
253
229
691
568
130
1022
314
339
171
769
1076
533
531
357
57
457
1294
147
639
978
816
423
444
568
1250
1573
566
134
1270
1499
81
82
145
714
152
524
199
114
369
219
931
248
652
189
603
1064
475
241
277
276
229
1055
312
636
936
777
343
602
980
264
571
328
258
637
474
873
545
502
307
230
745
441
770
252
1019
99
627
587
95
1091
953
1400
1250
347
311
69
1517
81
1373
269
104
125
91
72
1427
239
455
394
1565
301
359
424
113
665
275
500
1780
667
1543
2056
318
1448
160
250
404
565
604
663
503
327
103
670
618
453
277
687
855
623
96
1252
184
2236
170
1077
70
290
187
141
207
1642
52
216
361
85
1005
889
1113
2710
255
140
460
384
175
253
548
315
361
912
1902
105
627
576
154
822
560
324
895
776
447
86
449
90
841
543
109
294
746
463
943
248
517
637
179
637
355
522
377
190
92
1110
849
137
522
96
1317
902
158
341
768
77
586
356
463
470
86
439
419
187
880
434
533
358
608
1144
1824
273
956
98
80
269
1094
247
330
1261
210
675
603
373
636
949
119
546
194
553
298
257
196
293
597
469
532
235
161
2237
367
1305
351
125
384
1476
1024
726
802
317
206
316
93
688
