24864
4247
16214
9604
2252
34363
26203
12618
41852
18180
74961
11036
16969
2909
10265
17390
22301
66027
15135
22291
7650
13384
14783
65071
6997
2270
35041
2522
17572
5348
30194
2274
7237
19411
909
18878
100000
3702
55613
73992
1665
37275
7063
19718
31865
18590
2887
9275
24794
16485
33392
6500
3967
5589
38952
23492
8532
6662
6611
4629
8335
14730
7469
8026
5355
62671
10139
60367
22128
35397
8446
6939
2094
8085
23786
30478
22295
10505
4415
2290
18490
77196
3930
7127
5405
41090
41354
77922
19952
9158
13969
5014
49615
24490
20998
34524
3201
18594
2732
2905
18495
32776
5482
18015
29698
12733
17202
18145
16601
17265
59729
11168
1943
8426
2904
12870
2823
28600
5999
39780
64659
16790
10070
73581
10395
13410
12658
24136
15162
19790
10855
52650
49781
7761
98011
11634
1541
11191
1767
11795
9168
79074
14404
30773
9205
17460
21259
108438
10445
19974
53476
4454
37966
6918
20950
13819
2692
91002
5098
4563
6112
22771
21940
1272
24336
1747
11304
29298
1644
48266
36952
14276
12780
14417
26212
3434
18978
140341
27718
2503
4408
33331
5660
27820
69702
7378
5282
2734
5319
6467
80616
19985
1948
17509
28016
5411
1271
18228
5585
5777
29597
53673
13463
28001
40906
56776
41193
4130
10303
5645
8964
6710
42426
12214
75814
8720
4740
6953
20257
7594
7304
5761
17325
6404
8760
11904
50211
7084
65054
8963
28745
38062
7517
12223
89974
12473
7256
19844
14706
6560
24676
15715
6884
4116
69818
29045
6521
2977
2082
2384
1025
10805
34294
16196
38630
2260
98249
2323
47397
3805
1507
23855
99046
23286
30406
56402
4019
1288
2297
16034
5796
8303
5352
17797
1911
56708
15450
25255
9753
22243
61700
9598
4745
55648
47941
2115
4750
33596
30796
17815
2643
17385
75409
16333
22831
8687
3977
7472
2546
18952
14324
19591
28070
21244
13891
65447
58181
27340
961
62924
7493
5161
4345
53449
10471
67007
12757
15349
11560
34784
12570
33118
77999
23983
8199
6628
41741
6941
19250
74457
43897
12741
10291
14086
11855
70109
46756
15746
18419
16997
5927
3593
1126
35139
19252
44997
39597
25320
41619
41842
30162
24264
49646
8702
5988
52098
29149
20595
9556
20060
43170
45287
2557
4091
21535
10239
4843
6234
47820
30003
27782
6520
13174
11994
11565
1519
6835
16828
2967
1546
12669
8591
17245
26736
16192
4601
7201
7899
4776
28194
19910
52643
3310
63336
43906
13945
30759
19660
15139
4055
