100000
43005
100000
100000
20936
100000
19944
100000
100000
100000
59495
21141
2434
18605
7536
81541
89582
3666
8720
7646
45319
100000
97928
38690
89731
100000
64071
38641
16832
7314
62098
100000
100000
100000
96240
97911
40009
12783
3480
96109
51535
16225
68570
63306
86314
100000
9340
62618
85781
38749
5504
13644
72421
4357
100000
15505
100000
1027
100000
19535
39627
30739
100000
61478
27704
100000
100000
22040
84075
69928
74586
35325
100000
100000
8937
1515
46802
10541
80299
66633
100000
12532
100000
13778
51693
100000
37430
50462
10219
19876
98738
100000
31187
18693
33921
100000
91063
100000
10607
100000
