209347
17232
7579
54341
55956
79537
57990
13498
40667
57141
80827
16568
4969
40422
14590
30110
11718
13839
121114
26006
19545
2193
32549
34150
30926
1763
31156
43020
10898
3799
5220
35697
38165
135152
32078
51927
40316
49401
93728
9348
10303
17445
18896
37640
36755
77134
15657
58643
54621
16030
22581
18148
29967
15580
44049
5802
71144
14150
705
17236
18841
16573
7584
23779
7222
15630
93173
259235
9123
43823
96505
68725
3954
53394
19970
57937
12495
22066
472
90849
246
4978
47115
2229
17512
1770
13151
16249
182649
23869
40681
34979
33232
7837
44571
16985
13124
3246
30173
33912
