169605
290392
288829
193651
572711
345713
791152
356293
263075
25255
96439
157923
14160
769192
279233
287729
153409
156145
11601
260732
358862
331427
68508
145318
119649
130254
96701
643523
85314
2505
216298
105711
454965
385141
22872
64363
19091
35519
156210
805431
410337
225992
144356
110163
357669
7285
92876
174832
58651
170777
30102
742218
42742
31111
60446
12767
60809
417131
76395
65297
93094
50230
75741
151184
87774
219737
10984
27885
41082
523306
42803
71715
25429
178056
89441
163445
134951
70637
10253
141946
263952
136956
187537
33912
268532
1887
435899
116359
23105
105298
86719
49836
230735
28673
8889
465273
256210
385962
158059
74695
296728
242394
123374
83171
58562
2032
129239
35103
225531
390247
55372
182425
224331
365848
14230
37209
112907
37406
27826
380454
185620
329953
153090
118043
7624
