13910
11877
3045
28557
9613
5815
4434
3034
860
2201
6040
6497
9650
14669
2449
4062
11481
23196
4222
12653
41793
2022
1200
1330
2271
36835
3423
3847
6447
20332
4448
11327
2286
3809
2868
2742
2716
1444
4278
13186
13727
902
21229
7847
3587
1689
6789
4022
2726
1671
3144
15328
2419
37126
5004
2254
2611
6715
6907
9752
20996
2694
2411
7302
19057
11090
1554
1834
1575
11293
10285
7637
3315
4805
18665
8074
10157
38661
1454
5557
1946
6838
6821
8066
7954
3284
8542
4312
12454
3026
3546
10804
4596
3281
4282
4846
22052
9563
951
12059
