6704
1590
25603
1675
6798
7773
8979
5787
7519
7147
9628
8244
2526
5108
1961
13933
4840
2406
10053
4275
2164
1156
2563
5596
2231
14907
2996
5224
14205
1007
3345
1802
5328
4562
1585
23880
2186
1481
1849
3021
1418
5655
10828
1919
2252
1678
4363
5363
4479
4819
1715
16242
10569
1215
1717
2912
831
9435
16573
7235
7373
11701
4532
3778
3721
5257
3882
7648
1921
1708
4801
15371
3571
4187
2379
10216
7834
4539
8524
3613
3158
4491
4109
11445
1517
4318
20443
979
6150
1124
5589
15702
9067
2826
1365
4343
958
7978
7050
3339
2516
7915
1009
11385
6878
11234
2851
13983
5148
868
1416
6848
1282
8777
2017
1085
7447
1589
3549
4813
16869
1510
9237
11882
2906
11018
2107
7162
19302
2860
10390
4399
9320
8502
3700
9116
824
16662
2468
3114
3441
5609
5651
1391
6884
3770
8440
7759
5433
2496
4076
5105
10271
9222
2728
2920
8253
6254
15883
3892
6739
1378
18481
9211
5513
17832
4491
10037
8463
2058
2726
6944
3402
3005
2494
1063
5794
4180
1043
2989
2933
4421
2516
2314
10155
3987
7082
11076
11148
7900
3893
3501
18820
2905
2949
6730
2584
24594
4053
2619
2467
2801
6620
10484
10988
1770
5030
13415
11089
2427
15725
15745
4531
2035
2429
8831
8114
6778
1110
1364
6302
5855
2974
3881
965
8715
8578
11500
1240
1404
15783
5600
2156
8082
1111
12470
7008
4540
20468
3265
3501
1209
8717
2425
8312
9927
13303
7259
2659
7541
2909
8695
10400
3861
3235
7840
11686
12000
2466
2918
6404
5429
12774
1551
1373
4316
1771
7499
6430
3198
1347
9328
16946
1604
795
8102
9500
9311
9381
10290
4514
5412
25674
1802
17759
11087
2219
2125
1125
8766
7753
7136
1863
1053
9160
5222
3047
13208
2290
7384
4776
3174
3775
18898
11415
17726
13421
5212
6639
4926
9925
3700
7006
2427
10155
9189
7035
6497
1516
2350
6424
3402
5111
3106
2266
8155
4207
9772
19509
3538
8148
2621
8304
918
10812
994
752
2933
8775
2434
13904
5316
21870
5410
5059
10285
2927
3801
4707
3578
2127
1512
11493
12075
19127
11272
1397
14124
29018
1894
1946
18042
5540
873
8882
13758
3217
16115
6571
9184
14172
1697
18094
750
1844
1322
4743
4553
5048
3284
6492
2773
6425
14509
993
3755
3724
10667
2557
4627
15244
3341
1182
6336
10894
11050
2930
1524
2530
3648
3076
13778
991
2455
1297
7489
8728
7018
1627
3544
6089
981
14475
15423
4106
10637
1908
12405
2502
7019
12886
11408
4953
10128
3726
4467
7949
746
4152
3159
3391
1829
1404
1769
7103
3333
3322
2268
10887
5875
2993
2069
796
7529
11387
1894
2288
2451
15690
3286
1721
3431
5947
6527
1228
757
27155
6221
1999
1938
785
6266
764
5006
3627
2039
6748
11050
2909
3458
2069
14450
5033
2164
6558
4795
12012
6803
12587
5452
2441
2565
2394
2811
4545
3002
2223
8150
4793
924
9615
3576
930
1599
14736
2084
1127
2961
10948
6410
4421
1886
3079
8022
14481
16799
2785
6898
9006
17361
7906
2732
4560
19402
2230
6018
9751
17658
3556
3328
