18944
52812
30956
4941
29706
5682
44799
2423
12671
13642
42961
11214
26388
1340
30019
27473
2277
7849
34949
5944
60326
2454
13620
13086
14892
32750
28205
17232
868
2413
24143
34970
3611
90139
32921
54141
195
9830
259
23353
16724
22206
51281
1298
10145
975
16628
15262
6496
24531
1613
7032
3388
13569
9741
1422
17069
8951
37478
58345
24983
71372
17863
22541
9224
8398
10926
3373
24588
2758
18432
9563
8161
2965
40948
45413
33083
4088
7759
82402
3314
41082
19918
66557
67552
7923
8888
18947
6092
17860
593
32659
225620
7845
40635
36840
18413
18709
14299
22688
