1983
4452
4153
1167
4843
1424
2911
1650
3805
4406
11902
1777
5523
12566
1603
1323
5225
1043
2840
1558
3439
4030
8971
2507
1879
3345
6471
2890
1691
1150
3228
2824
2827
1047
7571
1358
1694
8675
2774
2137
2205
8830
6342
2307
2265
1804
5441
4485
3671
1554
2948
2781
9156
2825
2397
1858
6175
3554
2136
1330
2506
3830
2964
1857
7113
1388
5862
2133
2563
1230
3275
5507
3984
9471
2099
2528
2342
8203
2122
2576
1951
4920
4960
3266
9762
1843
2841
3086
2212
1042
1947
1832
3626
5732
2573
5310
1477
3175
9192
1241
1125
1139
4509
813
3943
1792
5954
1251
2177
1116
5452
3837
1852
5341
7266
2281
8462
4344
3053
1385
2551
4783
4684
1509
2015
1179
1960
1891
9123
4525
7403
1643
1626
1165
1205
7582
1396
3790
1723
3276
5369
1862
2940
2273
1197
7254
2535
4208
2521
2129
3170
4640
1300
6176
6452
5990
6297
3633
2008
7226
2317
3911
3222
1524
2989
2512
3169
4916
1102
1847
1651
869
2949
1392
11701
4582
3971
3339
3436
7076
3762
1157
1394
1104
7007
936
5354
2647
2387
1466
956
5467
8887
1615
1043
2220
2608
6766
1143
2431
