599
256
101
283
148
200
236
734
115
299
224
351
118
309
139
640
84
363
167
912
440
98
124
151
104
190
65
369
241
401
168
167
682
158
92
135
353
307
371
152
134
759
1118
772
471
83
62
301
152
73
81
295
192
547
261
145
47
109
97
205
55
203
69
98
479
126
332
257
255
443
96
69
458
147
832
253
413
303
484
94
626
236
180
653
318
107
515
223
246
221
274
288
145
184
86
486
301
207
257
134
573
110
120
171
105
110
235
897
446
358
236
334
128
141
96
117
115
240
128
100
262
425
135
182
161
399
149
339
316
257
231
183
222
620
179
88
67
106
97
91
336
74
109
281
370
346
390
436
305
275
212
71
234
515
118
367
337
84
412
114
96
222
235
208
258
113
300
858
347
137
151
403
87
510
383
289
126
360
191
132
305
419
798
216
106
181
208
71
103
399
118
229
322
162
306
263
196
289
522
123
331
77
182
198
87
333
288
176
200
94
96
261
344
217
118
76
166
381
225
285
254
219
407
194
175
50
346
165
469
706
548
165
156
447
343
413
358
256
108
341
427
1353
95
98
145
57
180
111
209
126
691
382
403
231
473
134
56
341
186
147
74
384
120
635
162
339
53
475
140
229
102
411
40
338
143
63
578
117
629
141
417
174
177
121
635
297
70
81
341
85
89
289
83
97
256
42
577
604
311
551
147
180
118
405
140
1124
482
179
61
130
154
92
151
363
199
309
145
61
139
634
190
58
424
142
35
65
98
299
173
307
256
117
591
253
131
73
524
187
60
461
360
172
337
231
361
470
201
290
206
77
143
277
638
296
186
153
99
692
315
170
387
79
165
126
251
440
222
150
61
211
173
101
80
95
66
72
106
922
145
160
538
70
165
101
104
107
719
84
140
97
64
211
263
157
333
214
77
152
83
456
316
325
156
99
198
756
119
291
955
309
75
344
77
533
971
217
568
123
225
279
308
114
157
435
94
118
77
409
264
447
351
826
446
128
841
103
113
200
301
774
420
98
512
497
211
35
1952
1178
84
254
159
91
299
584
655
160
274
167
159
94
306
116
102
193
111
156
105
229
245
217
379
276
322
252
234
74
367
91
110
467
58
107
155
298
129
216
172
296
67
156
329
262
123
56
50
221
72
168
130
127
347
192
171
192
288
165
293
409
288
349
936
272
608
336
576
548
162
160
167
210
640
220
95
47
179
143
121
220
54
503
330
122
220
49
220
273
372
216
698
413
185
242
140
146
86
138
583
400
327
172
52
88
457
97
172
102
318
389
270
267
321
66
164
46
57
182
61
226
125
160
169
126
179
86
84
162
174
194
257
97
416
1143
87
92
147
167
170
141
363
326
427
107
353
262
221
177
176
450
200
118
204
58
490
139
148
80
701
359
200
1122
280
191
108
819
388
404
279
85
2141
146
222
258
237
173
386
361
134
128
122
230
550
295
62
198
87
203
738
140
546
186
105
216
107
104
634
203
128
141
542
139
388
49
455
74
214
451
127
211
48
713
296
162
177
125
280
108
403
107
141
133
86
112
49
343
208
313
186
485
152
65
176
254
92
361
559
79
427
397
155
450
622
142
91
170
554
410
106
228
375
273
399
88
390
454
463
128
137
661
664
427
78
190
821
253
143
358
183
171
66
742
70
863
239
179
176
381
436
187
304
274
130
566
422
222
181
819
87
204
122
353
280
76
321
81
167
179
133
89
111
316
304
234
174
93
182
107
63
80
328
211
199
39
76
121
511
240
119
603
78
265
153
305
322
326
138
169
372
314
126
136
385
265
326
184
239
121
165
179
467
267
599
200
241
328
82
250
248
235
101
410
89
226
61
167
327
93
114
487
244
116
362
572
96
185
693
300
357
477
615
87
177
471
211
318
117
713
157
157
136
194
385
654
494
31
89
401
429
395
123
294
129
173
149
286
108
153
301
380
282
78
286
80
88
318
299
91
66
80
125
64
163
142
148
224
219
300
565
169
154
132
802
159
91
63
255
529
629
308
90
261
114
190
190
266
204
566
126
242
143
170
69
86
367
364
99
545
129
84
344
278
98
275
422
108
298
555
108
413
575
676
300
109
263
117
232
110
690
51
254
381
461
212
127
302
282
90
146
161
81
466
485
224
566
111
156
270
140
334
40
437
61
94
127
171
202
146
469
182
73
205
260
88
280
159
256
701
309
403
330
82
137
275
241
109
253
313
176
524
265
283
371
177
282
97
147
657
157
256
62
983
439
186
187
498
265
67
111
125
390
245
266
113
96
220
78
43
324
103
184
88
