786
1867
11462
1351
11254
14483
8895
4451
1330
13916
2472
1682
2735
2256
8869
8581
2077
5139
9524
4675
1948
2616
1989
10457
2382
1239
4511
8850
1494
1973
9865
3601
5827
4646
3278
2556
9837
3496
1949
1096
3786
11356
7241
4225
15455
6348
8255
898
7403
2779
1669
2638
1913
1235
2956
13088
1745
1008
1541
13619
934
2795
2031
4824
9325
1811
1345
11349
6613
15298
4267
1905
12774
10695
4102
5088
2330
6791
7967
9777
8161
5438
1733
2965
913
5637
5739
2922
6216
5420
7972
4766
1130
2798
12467
3370
4312
6403
4551
1646
