1477
2283
1522
3055
1214
1160
2934
848
1779
2721
1085
1564
1167
1578
1504
1645
1761
1656
1278
1047
1517
3197
950
1242
1232
1205
1876
1728
1542
1421
1658
824
2843
1631
2150
782
773
2064
1418
1138
1281
898
2293
2139
607
1180
1549
697
906
1042
3286
2051
3113
867
1064
1289
1092
945
1764
844
1042
2247
1414
1789
1858
811
1348
1419
1135
1038
1492
1077
2042
1711
2115
3388
1904
844
1660
931
1882
2180
2658
1230
2730
1925
946
715
1980
1184
556
1771
2198
1349
3091
947
1350
1025
911
996
2361
1650
2637
1231
1733
2090
2975
1111
1142
1295
1523
858
1788
2393
3913
1554
1415
2565
1594
861
2398
1782
1011
2267
2696
1758
867
1873
653
2741
2052
1510
745
819
1725
2019
5502
1983
1618
1843
1031
2461
1056
802
967
2459
1052
1107
1554
923
1206
1539
893
966
1188
814
1445
789
1048
1002
1235
1013
3771
2086
993
1018
2161
2461
910
2124
1516
870
1007
1343
1296
1921
1873
828
1736
1827
2082
1633
866
1011
809
1526
855
784
1621
1127
1052
855
2335
906
1639
1095
1919
1666
1178
2862
1354
1606
1872
969
1138
1045
2413
801
1245
1154
1592
750
956
1574
1907
924
1038
834
1881
1811
920
2399
958
662
1363
1545
1570
2721
3339
2910
2111
1527
3557
2148
1553
1413
1968
1140
2352
1412
1471
2845
1606
883
963
1664
1819
2484
1759
2824
1289
1654
832
1642
3650
1727
924
1818
1128
1119
840
2404
1197
1333
2922
751
859
670
2458
1450
1009
681
1109
882
1591
1954
2159
1617
2231
1819
1505
826
2734
1325
3151
922
3022
1188
864
2690
861
1052
1158
1255
3531
1641
869
1672
1270
1637
1146
2110
2373
2218
2299
1415
832
4562
1398
1208
990
1898
950
1630
989
1423
2895
4822
787
1039
1101
1098
1489
1585
1177
2009
1453
3859
1741
2002
2628
3986
2472
1965
961
1628
968
740
1424
1192
823
883
880
1969
1302
842
4298
1297
893
1573
3306
1308
3911
1296
859
2704
1454
2495
1981
4046
1813
1109
974
703
1426
759
836
1854
921
1204
3743
1341
855
831
2269
4669
946
1164
1276
1642
1134
738
1920
3046
669
1825
1218
2104
832
801
1709
1723
1498
1085
1229
673
916
1309
1040
1841
795
677
672
1452
3273
762
1369
1057
1567
2435
1183
825
1204
1114
1395
887
926
1506
2601
1198
4881
932
823
1438
924
2061
1008
4082
1137
2418
1575
1732
695
4359
902
1520
973
964
969
997
1057
2542
2099
3259
735
2561
2334
961
3547
825
1018
1237
993
1775
1315
1631
1950
1565
715
1162
1099
967
1759
1081
3532
1715
1166
903
1088
1207
860
1521
3468
1493
915
1966
1069
2119
3816
1339
1067
2614
1118
7795
1107
1427
2251
1042
1077
3330
1503
1307
1774
2088
1044
1588
1052
2307
1299
1396
2193
2676
786
2351
1246
1260
1274
1222
3101
2009
2105
1738
1101
1490
675
1604
1782
2537
1818
1323
2310
1570
1466
2300
1898
1053
2021
1506
2039
1211
1595
1501
1081
2956
985
734
1344
1037
1396
1146
1217
2598
3913
1129
893
1133
1522
1775
722
2163
2302
796
915
1462
1150
837
1575
2080
881
913
1965
1774
1083
2284
1508
1039
1642
1880
1230
1361
1198
992
904
2538
1283
3869
855
3625
1409
1070
2267
657
3891
1513
1028
1168
938
1193
1049
1390
921
2115
1131
3555
1044
1148
919
1880
1046
3254
995
1131
1529
837
1378
971
1723
2258
1564
1028
2072
2545
1634
3079
1144
903
1427
1851
1987
887
662
1572
1869
1909
1878
853
1017
737
1968
921
1506
996
993
1539
1189
960
4442
1252
1706
936
774
693
1384
2216
2862
1022
1146
1496
1136
1714
4325
1849
2983
2457
926
2418
1035
1263
810
1194
2432
959
2035
1877
990
1508
3054
2174
844
1095
2330
921
965
1580
1206
1075
2060
1395
781
783
1029
714
1963
1164
2110
1369
889
1322
1408
2379
1586
1290
3686
1410
813
1292
923
1662
624
1640
1125
2550
1206
2043
3337
1196
739
1568
1164
822
1444
1172
1159
1373
1171
1567
651
4258
1109
2037
2200
1178
1926
1133
1676
1350
946
1151
1240
1185
1122
2087
2819
1146
2586
2597
2345
2087
830
762
1472
1059
1281
1401
1045
2565
840
2020
2870
1417
962
855
2105
919
2095
885
1161
983
2065
771
4673
3545
2604
1170
1057
2351
1010
800
2588
998
7453
2481
2571
1034
1057
1270
1100
1194
3872
826
1304
2444
1641
1968
1028
1013
1869
1808
1372
2867
858
1505
1006
1422
3632
868
1201
1389
1595
1761
1163
1304
3816
3120
1588
4033
1177
1555
1798
3888
893
1094
1309
1194
1182
892
1490
958
727
2716
919
813
1389
1204
770
2125
1534
998
1661
1285
2265
1746
704
1073
1094
934
1161
1479
4139
2380
997
1151
977
3134
1993
1201
1369
3214
2146
1753
1040
633
3438
2882
1527
1553
1869
788
1066
2707
2387
2651
1840
1497
1431
1300
970
1313
1916
1789
928
1027
962
1233
950
1200
1514
1662
2326
1895
1255
1408
774
1622
1404
879
1163
1033
3734
2632
3423
1275
2963
1016
995
3197
1799
1141
868
1445
1510
754
870
1627
3499
1510
1900
2055
2710
2299
2719
2752
3584
1176
918
1237
2007
1271
1157
2109
1837
929
1324
1695
723
896
1227
1861
947
1235
1391
2761
1403
1430
2188
1086
893
1507
1590
1155
1237
1344
1000
984
940
1103
979
1516
1991
1105
1361
1287
3826
1328
883
1198
1077
3024
1113
700
811
3093
1375
926
1370
2409
1032
3315
1922
1612
2289
2464
947
870
880
928
1927
2358
1712
1088
3846
2735
3653
1036
1231
780
1141
4137
726
2170
1436
1303
1914
1222
1623
1922
1247
989
2382
725
1578
825
1256
3413
1108
1351
1583
1255
2076
968
1252
968
1215
1051
1214
1952
1740
1112
807
952
1072
1284
1255
2005
1273
686
3237
1938
3068
1324
1284
1155
1423
672
1461
989
2049
1014
1860
2293
781
1182
1330
1240
1004
1250
1606
806
2587
1191
1377
1317
1656
1683
1498
1056
1603
1196
1068
1473
1364
2315
1841
799
2619
1572
3604
1130
3611
2320
2828
1721
2833
1648
1445
707
1344
1887
1350
2948
2864
1451
1722
1469
940
1182
2110
1923
1108
919
2597
1108
2501
1287
1007
1365
1122
947
4237
865
1607
619
1448
1355
2009
1378
1215
1529
1540
1613
953
953
1397
1904
1156
844
1535
1446
3248
2157
1488
873
1347
997
2863
970
2921
1624
749
2166
1717
1381
953
1859
1036
860
2188
2304
682
1409
1779
806
1354
989
1619
2065
732
2544
3747
1666
1103
1391
984
2098
1206
1199
1061
758
2470
1899
2879
1555
901
887
1073
1575
1696
2856
994
1197
2066
1657
860
1367
861
2697
2277
1345
1543
1529
1053
2159
1117
2108
790
1237
2829
1108
3382
946
1003
1182
1377
1401
996
900
2554
1481
1331
929
