0.0726 3407.645686579732 0.00028660909271261987 3425.86
0.0605 23989.133139901685 4.629356290672905e-05 23158.26
0.0519 102377.96818660351 8.34655186045157e-06 116068.91
0.0425 1800007.3216659331 8.101484119017874e-07 1447262.75
0.0475 406649.5657852903 3.3773787416476163e-06 343925.64
0.0525 104400.62663392985 9.242294386901026e-06 104909.89
0.0575 34305.84537729866 2.9811951415792378e-05 37268.26
0.0625 12842.871253993553 6.796766443254888e-05 14266.13
0.0675 6066.532646938092 0.0001938172955635486 5678.11
0.0725 3684.643134430413 0.00025366316778044655 3862.47
0.0776 1957.7371704863235 0.0005201595317128986 2104.45
0.0826 1348.919863231181 0.0008459859442449205 1322.61
0.0876 702.5924849129252 0.0015827083737892877 756.85
0.0926 526.5836899244716 0.002654902096263495 456.5
0.0976 434.251207307578 0.0038326744422449485 354.22
0.1026 246.70085199201276 0.005370226143736257 234.59
0.1076 223.61773133778934 0.008143802815787426 185.24
0.1126 163.02453962045288 0.013273371569327235 136.0
0.1176 115.41560327111708 0.014177694901104793 105.07
0.1226 113.97290823022811 0.01591040121370204 101.33
0.1276 93.77517765778262 0.02511320907657641 79.54
0.1326 83.67631237155987 0.028477442818873253 67.27
0.1376 88.00439749422677 0.03558741737287512 64.61
0.1427 77.90553220800403 0.0461154289987579 57.98
0.1477 69.24936196267025 0.06109929752580772 48.77
0.1527 60.59319171733647 0.05062711315926589 46.65
0.1577 51.937021472002684 0.06844229956653286 40.91
0.1627 51.937021472002684 0.08421944298660013 38.32
0.1677 46.16624130844683 0.11692698883225233 33.77
0.1727 43.2808512266689 0.10637534928908568 30.5
0.1777 40.39546114489098 0.12868553110281017 29.68
0.1827 37.51007106311305 0.13357710230960917 27.14
0.1877 36.06737602222409 0.13897033950259563 25.92
0.1927 31.739290899557197 0.13251956765567746 23.99
0.1977 28.85390081777927 0.17637305310147092 22.06
0.2028 28.85390081777927 0.23536327407671226 20.5
0.2078 28.85390081777927 0.21778903140670183 20.24
0.2128 27.411205776890306 0.20600728731113355 19.08
0.2178 25.968510736001342 0.21871811047988057 18.44
0.2228 24.525815695112378 0.20429861136252822 17.45
0.2278 23.083120654223414 0.28171352004141736 16.63
0.2328 21.64042561333445 0.2365831923781368 15.79
0.2378 21.64042561333445 0.31194675180686077 15.37
0.2428 20.19773057244549 0.32260102070508545 14.18
0.2478 18.755035531556526 0.3902043033759306 13.92
0.2528 18.755035531556526 0.39310673545861724 13.43
0.2578 17.312340490667562 0.42346939090852176 12.68
0.2628 17.312340490667562 0.46252527025991963 12.53
0.2679 17.312340490667562 0.3923955678756073 12.17
0.2729 15.869645449778599 0.47097341862827174 11.49
0.2779 15.869645449778599 0.4654774017140412 11.25
0.2829 15.869645449778599 0.5253332394371442 11.37
0.2879 14.426950408889635 0.5525453451870732 10.35
0.2929 14.426950408889635 0.5627789932748739 10.34
0.2979 14.426950408889635 0.5365700889445569 9.92
0.3029 12.984255368000671 0.5894503352552549 9.02
0.3079 12.984255368000671 0.6523528457625932 9.18
0.3129 12.984255368000671 0.6423170258448657 9.19
0.3179 12.984255368000671 0.6778023546745313 8.72
0.3229 11.541560327111707 0.6706949334535637 8.49
0.3279 11.541560327111707 0.637214425034348 8.11
0.333 11.541560327111707 0.7799704994360881 8.0
0.338 11.541560327111707 0.7429458294251835 7.75
0.343 10.098865286222745 0.7350910299348615 7.51
0.348 11.541560327111707 0.761279807429263 7.73
0.353 10.098865286222745 0.7006101052369612 7.32
0.358 10.098865286222745 0.7237673527289147 7.19
0.363 10.098865286222745 0.8801771704488565 6.91