1085
984
1262
768
632
928
1780
754
892
1110
629
1646
1881
482
2438
683
795
1092
725
728
799
1247
849
676
617
655
1270
1122
786
664
983
1222
1015
531
656
1067
620
1870
816
1019
1131
769
694
1242
611
2687
1334
667
914
613
652
1451
763
1639
2110
1115
1019
599
1156
588
606
666
1180
762
1421
1113
994
2128
954
1450
949
602
1221
852
940
1217
885
585
1511
845
707
819
990
943
1254
699
686
718
920
1025
745
666
545
1028
2306
673
817
1798
951
600
670
757
1306
552
1245
681
517
1511
824
1696
886
1365
1421
1970
929
1232
553
737
1623
1295
632
615
777
532
898
1615
995
672
1539
774
1142
1143
711
860
672
663
623
809
957
725
1128
857
691
790
668
515
2347
655
1111
1970
560
562
597
1209
953
767
1537
564
837
698
1632
601
827
721
845
964
1266
748
530
828
678
989
661
931
1502
644
924
865
722
745
557
1035
942
696
600
1160
895
864
834
790
1321
757
810
1056
589
912
1066
1987
1014
556
