5449
4602
2474
1430
5278
1890
2404
2317
3494
1964
1603
1222
1680
1231
1207
2914
2235
953
1929
3388
8104
3866
2712
4720
5646
850
4434
1841
3307
2056
8200
1953
3322
2338
5935
10390
4813
3342
3418
4860
3785
3298
838
1489
3019
4186
4591
9995
1052
3489
3227
3583
1370
6036
3459
1565
1378
7840
3488
4496
9037
4679
3772
1564
1326
5902
3814
3275
1724
6161
771
2065
6184
5243
5662
6382
6166
5794
1258
1883
1715
4118
1833
1224
2201
1198
6912
1101
3614
1034
2877
771
2863
2167
1034
973
1532
1707
924
1158
867
2881
780
789
5467
2362
6372
827
1290
1880
3952
731
3730
960
4070
2844
801
2042
4360
1359
7292
1379
5438
1441
1056
1028
4068
2296
1917
3848
4681
759
2644
5954
9353
2111
2102
4916
1600
1556
1740
2417
1749
1054
779
2614
5931
1333
1269
4249
996
1673
4092
1156
2754
3644
2529
2423
4478
993
974
1326
4436
3232
2249
3261
1397
1593
1477
1603
1110
2090
3718
3734
1454
4693
826
2189
4389
4760
1565
856
4089
2705
3145
2240
2135
1295
6509
1664
4623
1556
2047
1050
8999
2439
2183
2649
1330
1999
6903
1242
904
11910
3832
856
1709
6454
3372
1141
1151
4384
2048
2519
5569
3794
1642
1428
4406
8732
3150
1376
1951
5145
3187
1441
2503
728
6033
3495
2169
2159
5486
3914
1576
3374
3277
2657
2524
925
1888
3061
2914
3078
1932
2879
3505
3829
1046
4892
2928
1681
3700
2319
1696
1276
2975
1495
2957
1938
3186
4550
2170
3534
4140
6989
1317
985
3598
2795
2212
2343
1788
2072
6990
2127
1546
982
860
1186
4004
1824
8034
1041
1011
5246
721
1995
1008
3828
2487
2729
1334
8496
914
777
3581
2421
4244
1526
1685
2972
2000
7245
3525
2306
1939
1803
2331
3921
4342
9410
1867
888
2508
1266
1171
5644
2605
4351
3584
959
1706
5857
984
4567
2731
2978
5075
3731
1388
1651
1602
3644
3958
660
2166
3263
2663
1561
2905
2688
2993
4788
3470
4928
2491
831
2734
902
2962
5832
1396
2444
1246
5730
3078
1859
4378
2584
3392
3392
1443
1154
3648
948
2678
2386
1537
2277
4010
7926
1889
4788
6511
1575
2710
3923
2028
4981
1126
1576
1579
1224
8315
2396
8581
1815
1422
3525
3597
3099
4170
930
7752
4862
1948
3026
4822
8911
1261
2240
6055
11958
1032
4170
3479
7241
2768
4340
2736
1251
3246
1653
1482
1567
5039
3295
5194
3296
1267
2116
4913
691
2006
2176
1392
842
4181
1056
1447
805
1695
1141
1161
1796
1445
1201
1451
2679
9367
2850
2192
1842
1372
7259
2353
977
1615
2319
1934
2054
3126
3509
2799
2376
1332
1495
2651
2741
4158
2918
971
2982
1075
1785
2080
1394
1081
1930
5668
2143
1076
5033
1547
2045
6433
2237
2468
2661
1323
1232
4723
7000
907
930
7065
3382
775
2760
4742
1252
912
3269
1800
1837
2312
2480
2903
6186
2872
1872
4139
12548
3271
2640
1934
788
1352
2033
2516
1383
778
960
2906
3175
7585
7411
1119
8178
1532
3841
4721
1018
2225
3411
6206
9495
9732
1336
9476
1542
1156
3621
2555
6492
2257
1936
1780
4223
2961
3970
1961
3954
4367
3254
1231
923
7256
4338
5223
849
2771
7001
1636
1159
5012
2093
3625
3000
1042
2412
1557
1178
870
1366
3859
1772
4359
1638
2963
4949
1749
3063
1524
5668
1265
1959
1749
1734
2148
3706
2814
996
1094
1732
3384
2192
1397
2178
1759
1262
6060
3315
1133
2427
1102
1465
1010
1983
