35199
236095
10324
50426
294473
93093
103593
150983
30759
2419
46810
12566
21560
130
208948
15914
159370
200201
19751
248654
257532
47246
52174
86330
34973
17112
83510
7634
119207
59739
182038
70617
270263
236124
21155
63214
102481
140083
98876
108615
227624
20279
50924
22808
358404
3992
225332
19053
132131
1632
6314
5598
206365
182300
21015
158997
203085
301044
113847
262577
93382
64258
31012
21246
393363
44492
3487
38956
86430
122687
143196
7527
248268
57237
276818
14916
63171
60000
13527
25909
147757
408062
24418
104732
7638
181428
72365
93542
150528
12779
163071
130048
71202
15130
99624
111205
215929
28471
15497
104169
