790
862
980
1136
6310
1416
882
1235
985
837
2263
2163
1684
1651
1823
2267
1620
1273
1268
1006
1029
1260
1508
660
1026
1785
1011
2040
1054
913
1694
1680
957
2221
945
1259
1784
1332
2064
2095
1223
1359
2491
1347
1982
2064
2718
936
1186
931
1024
1195
874
912
2876
724
1078
1777
1417
1877
1840
5178
2028
1919
767
1163
1218
3534
826
1825
1671
1703
1384
1504
2150
1149
1525
2981
3768
741
3269
1712
1638
788
2255
1134
2251
1619
5465
2018
1902
2203
1224
1771
1438
996
1339
1411
957
2063
1685
1072
1156
1715
1371
1248
2698
1559
629
1757
891
1188
2054
1201
1295
2038
1179
2727
1958
2357
790
1039
2265
2030
695
1056
1523
1232
971
1233
766
1169
3881
1383
1686
1887
1221
2321
670
1546
623
1070
938
2397
5071
878
1223
867
813
1299
1659
1400
905
1152
1281
1455
1576
1037
2681
1548
3050
2681
979
1980
1124
728
1592
1552
1109
1989
2011
889
1478
1136
728
985
2609
1331
867
1075
724
1393
4224
2183
1481
1022
3407
1466
968
1582
894
1041
779
943
1489
1598
774
1008
3718
804
4274
1200
1102
2231
1525
2923
1503
1575
1098
1030
1195
814
1224
3162
3173
1467
1122
1400
2689
726
1268
1015
1291
811
1840
2846
2867
2338
1464
742
1085
1940
934
779
962
949
2246
1540
1763
2391
1809
2618
709
2004
1787
2418
963
3173
850
1085
1021
1206
1046
1726
727
1823
1827
1749
690
1689
1362
2457
2905
1312
781
1506
1335
1659
1495
980
822
689
1573
1138
1048
929
780
1034
736
863
1918
1769
1320
2046
4539
880
1057
1415
789
1426
1447
3552
2096
1662
1325
728
1125
1017
1021
3330
1809
4154
1449
645
2051
1737
998
2487
1386
2623
1629
1075
584
871
1821
1516
1142
1223
1658
2961
911
2279
3446
1297
2172
764
1915
2485
1027
1403
1042
1430
1279
2196
1252
1445
1147
1091
2150
2443
1702
3460
963
1247
866
2920
2052
825
1506
1424
2006
997
1255
1086
1592
2122
1621
3442
1174
1438
2520
1235
2137
1200
897
1173
787
1898
3534
1058
1350
900
1368
763
671
1097
1014
1273
1114
1859
1585
830
1073
1207
4555
2683
1522
1178
1111
1170
1330
1632
1801
1208
1083
1336
2173
889
1882
1420
