4582
13186
231269
28777
9015
158162
13554
228022
265734
106515
28780
86644
67253
33854
67809
60055
50914
94390
21709
15020
33326
101370
174293
38172
155965
20350
54642
53468
15201
33979
215983
31104
30913
102917
97245
110056
50198
356278
26179
194143
381013
64531
97727
70963
169537
1394
12166
166262
71917
411276
287192
337713
34633
55845
39783
176138
41816
50079
13583
280181
67428
25524
8339
268895
236050
107084
24772
84083
86114
1433
6708
79954
4779
74533
135909
564451
13563
11957
98837
212950
58063
50731
282544
562775
106488
47199
7973
126887
57551
63994
143868
147051
111382
39749
163506
276945
101190
602688
74538
223631
