2208
5421
4851
10033
2370
1877
2583
13741
1916
2183
1706
17649
4024
1323
1739
8925
3694
5433
1535
12156
14207
3961
1168
778
2024
6150
3073
3505
1254
2736
1414
1577
4389
6563
1135
8403
2596
1504
4172
2741
28205
8888
7040
7045
1260
5032
950
8100
1797
1078
1587
8458
6208
17310
1794
10505
3401
4310
11207
5384
6503
1927
8142
9658
7236
1122
1104
3612
8475
5486
10855
17290
18825
5481
12330
8450
2530
5162
15398
4103
7182
3058
10032
1859
2000
2378
9922
5445
1632
1926
2294
11873
13644
6262
9366
5170
3444
2969
6286
1096
