100000
24630
100000
1127
100000
100000
16101
100000
100000
100000
100000
100000
100000
100000
100000
56819
100000
45744
100000
100000
3459
100000
100000
100000
100000
100000
48018
100000
100000
100000
100000
100000
100000
100000
100000
13644
3612
100000
11399
100000
100000
21425
100000
100000
100000
100000
98333
100000
100000
100000
100000
41788
100000
100000
100000
100000
100000
100000
75767
40534
100000
100000
43272
100000
100000
23925
100000
100000
100000
100000
100000
100000
100000
100000
100000
100000
100000
100000
100000
100000
100000
69994
100000
100000
100000
100000
100000
100000
94804
100000
100000
100000
100000
100000
100000
53022
100000
100000
68550
100000
100000
15773
100000
100000
100000
78970
100000
100000
100000
100000
55572
42447
100000
100000
100000
100000
32093
100000
100000
100000
64640
100000
100000
31626
26361
100000
35311
100000
100000
100000
100000
100000
100000
7828
100000
100000
100000
100000
100000
100000
100000
100000
34800
100000
100000
100000
62840
27164
35029
100000
54942
100000
28044
100000
100000
100000
100000
100000
100000
38125
100000
100000
100000
100000
100000
100000
100000
100000
100000
100000
51886
100000
100000
100000
100000
81275
100000
100000
100000
100000
100000
100000
100000
100000
3563
100000
100000
100000
100000
100000
100000
20968
100000
77838
75399
100000
76101
100000
100000
100000
