17879
540445
433837
170872
20328
311753
185397
50354
28457
16212
53049
325782
553990
991418
281868
97982
103596
23275
52159
207211
518278
216568
1391971
136203
473751
152662
874004
374843
643346
507855
938843
324919
171596
425151
315155
226332
34412
195481
30017
617522
116333
411105
502432
54676
394037
317759
91752
216270
75265
289200
618651
816294
62295
390267
455995
166120
1529
98271
407639
1940488
247239
978243
122292
736847
501925
689656
425414
119391
363697
279771
331224
224492
453363
898913
447725
391590
197484
512815
552109
176839
28713
270631
86741
700500
169930
358282
86523
255013
39869
402948
194893
338802
177983
806324
30934
373580
166563
325553
466097
505
