495
1600
2984
1524
2632
769
672
479
222
2283
223
4708
3274
2081
1085
1309
656
1690
494
1430
422
1183
1342
385
317
339
1124
876
603
709
3695
432
1063
513
475
3042
2431
444
2255
1956
2539
2658
789
2790
760
1521
1734
688
2913
400
454
2051
1839
1589
3069
976
514
770
833
100
537
377
407
1502
114
1670
2039
275
504
492
287
2993
100
5780
922
416
833
209
1300
850
934
1311
2251
2900
1914
923
655
8829
1098
191
1019
785
2899
1984
1748
1986
830
1928
171
470
1856
4102
2532
2207
212
2766
1869
857
105
417
1125
2223
740
3425
5701
904
2284
578
2382
1087
573
1417
2182
678
1645
404
7546
223
3422
652
501
6763
995
1134
673
1052
2723
170
1475
7399
2815
562
2672
2054
280
425
1517
3005
1760
4129
919
623
1324
706
4775
582
681
7332
424
3626
425
3166
2303
503
677
701
146
3294
1178
2512
1315
1677
1041
3229
1611
352
256
655
1348
2018
625
456
3872
179
5019
1795
5542
1070
875
802
464
501
1570
118
818
1105
781
9173
112
878
670
1100
2961
388
172
3184
1753
484
1775
398
494
1934
804
823
4802
3554
1246
169
1917
169
195
255
768
2884
641
969
1558
963
1882
340
220
1220
1756
1911
233
2967
3233
3252
1252
2346
1194
962
2723
6071
3231
782
1270
1188
1212
240
422
3696
2888
3508
3501
698
2270
70
2293
1485
541
1623
536
4123
1052
2804
1241
509
3003
455
7703
3318
613
8183
2744
898
4004
169
717
1403
732
4240
1650
941
109
247
366
2512
3300
686
1738
3578
11249
438
2074
1104
2349
2796
7420
909
234
322
997
1377
2848
822
621
619
2409
1006
1623
3344
1733
245
811
660
839
9410
183
7737
765
3609
2055
1445
247
430
266
1321
336
990
1009
2080
403
647
646
5537
2385
183
3631
2875
807
4517
1038
1506
744
641
787
8852
384
1328
1247
3610
6886
2896
1029
1842
1213
830
255
188
463
2658
1271
404
637
1241
370
2114
4159
546
10353
2863
678
1483
10046
645
3269
1796
1745
1627
2928
165
527
1407
862
483
2337
105
9536
1066
1308
4829
771
3291
2114
606
1385
1188
887
154
2952
841
5149
6790
3320
1763
2982
651
4308
3758
3301
1738
1416
1720
1942
467
241
575
1247
275
1246
1607
1336
1628
1204
582
881
5663
4261
3716
1162
4423
1222
208
964
1111
3207
174
3957
238
8033
567
197
1933
2681
2989
8544
806
3099
1280
183
429
229
5399
747
1470
830
1095
1503
4522
803
1175
1720
4724
4961
842
532
2233
537
1163
6054
1004
438
1852
2047
695
5381
4127
676
548
1402
1425
3262
220
204
3799
1541
4570
2883
6010
1060
2173
6828
533
541
4155
486
1032
1217
804
3778
408
3439
6079
2040
3599
2737
1024
1705
714
539
302
1266
1007
2377
142
820
1264
1695
531
2206
895
666
1337
415
890
1847
6530
1556
1365
2361
4656
171
1054
2991
1506
179
1230
1535
4911
602
4729
3325
888
357
1810
280
1109
1262
2148
72
3264
3335
969
1327
453
2353
5743
1068
4325
3847
4947
2239
1228
394
1625
1645
1571
1307
5045
1274
3636
125
2861
666
970
970
2131
259
7840
126
2053
315
430
3470
1897
664
1114
5316
1346
658
1030
1259
251
1511
680
1214
1046
197
233
529
591
877
1026
230
354
2020
225
942
339
281
3554
2588
2620
4805
1117
1290
138
2449
1559
5639
143
285
62
1832
4174
1234
777
223
2405
1502
735
848
1726
699
4354
2099
434
602
670
426
1308
696
80
2022
982
1042
527
1046
254
270
3323
2406
2742
3031
1590
1102
1411
2861
185
654
1954
6022
2788
1145
1172
3268
2253
651
1323
1479
350
476
5024
3274
590
1075
1039
4593
1626
548
766
226
1108
1219
444
2858
1038
11274
440
581
7346
2671
3300
2827
673
1458
1270
2588
1806
4035
2435
1251
12189
2033
1943
971
305
1723
560
3461
3756
475
524
903
721
302
2533
128
499
101
1373
547
3336
649
1200
3381
2032
283
532
3216
1932
932
1789
574
3891
145
2020
2349
562
573
1171
631
881
4414
2061
800
1534
414
2409
4407
311
1983
1717
412
514
871
1460
499
473
1590
1291
1248
4478
1329
2064
514
234
2259
2468
1741
806
340
432
1374
1799
1926
142
1727
156
7845
87
266
1135
3566
510
703
851
10487
558
1444
305
249
817
1377
1451
4855
436
4004
726
1193
2247
276
297
941
1720
1912
577
1921
1758
3871
2692
2345
1302
142
1786
189
503
486
372
1567
4921
788
223
2136
1199
1001
48
1887
1827
1865
1143
731
215
841
503
5731
1728
346
1232
4254
162
3978
122
725
2256
4714
916
9009
243
314
5073
2649
268
866
456
993
1027
14585
3225
1876
1656
1246
737
10163
1075
2660
976
1462
5197
1069
228
5206
3650
1832
3315
3513
1226
1830
1475
995
1685
6490
3229
1823
6098
122
227
1439
1664
1339
4485
1824
537
233
882
570
688
4600
269
964
1527
1701
4810
1802
2041
96
290
4650
150
1151
172
6269
474
562
1159
1954
2685
320
1968
311
1636
2138
5208
1631
1492
1770
960
747
4711
4624
4225
2344
91
2839
3733
2705
4080
1787
1998
2608
752
1396
1957
978
54
213
3567
1311
2149
950
2263
1486
142
764
276
273
4503
801
2311
936
4518
1025
392
5908
208
1972
2065
5484
3417
1077
3506
8294
1184
2796
1149
6446
653
1006
641
5250
969
1898
2192
926
5173
145
375
637
1882
993
3749
1017
424
1109
954
3065
3457
323
388
