43698
48319
76307
16886
22884
137435
29587
90012
2893
165723
13253
131189
175340
225343
5831
247416
9016
64446
38448
107416
50364
208361
20418
403948
74968
508995
190063
5939
92182
158244
68900
46444
127629
412540
120792
58544
180329
287251
35238
157628
38414
61103
227368
23465
62645
8968
27683
33894
7402
36590
48673
55357
108749
47509
23491
353619
202497
73727
324188
158958
6337
8635
51120
192013
60967
22084
1425
90050
76860
12824
29519
17641
118135
83424
72907
6697
54328
17280
38519
136756
156079
15663
54031
2169
40811
244923
41555
41843
47859
157065
47015
188023
148430
101924
112164
133765
73568
83807
96764
98521
312169
90240
50727
101193
18759
146450
35471
38766
10078
47267
209248
120148
181333
42542
20612
2238
134363
61589
64605
92133
59038
17200
52350
100213
37069
80593
230383
118770
41722
82343
144905
104798
52919
56849
36398
7518
408085
108552
84534
402705
224229
23292
53254
94387
9832
15562
12184
9455
52110
6170
164059
43870
144116
64178
75510
29500
387935
5063
44287
141798
100783
64032
19281
38487
2642
94718
137649
400586
38019
100554
25763
17424
97373
39090
137987
41000
239598
12323
17605
240033
72652
109318
102300
230046
67683
28233
64845
308448
3655
203075
134739
90630
182312
121580
105376
371300
99412
16487
16428
24906
