3717
2678
3133
2622
873
6011
4958
2067
1889
1736
1548
3692
3665
10932
1385
1052
2485
6693
1453
7199
668
2835
1499
2996
1462
3430
2597
2373
1380
883
5168
1863
1871
765
3048
2893
5084
2318
2050
5349
1555
2006
1396
938
4637
2205
1210
1903
915
3787
2742
4291
1036
6752
2332
5931
2422
2261
6302
1875
896
861
1142
3651
5024
8440
975
1128
5390
1489
1967
3087
676
2107
1425
8555
7234
1538
1917
632
4189
3036
2588
716
2211
5900
4928
975
813
1473
1272
2057
3832
5435
2081
1367
4485
1509
4970
816
3182
7612
5241
1040
1880
758
1816
1784
2118
3228
1880
1695
1834
1088
1000
671
736
649
2769
3903
7039
841
921
1052
1335
3751
2783
2596
1005
2348
2845
2894
2186
5482
2877
774
6403
5761
2696
895
3035
846
3696
1775
1544
4026
3632
891
838
1383
2527
935
1688
997
2194
2169
3268
1543
803
2138
3858
2276
5225
3424
4198
2412
941
2978
929
3887
3214
3269
2813
5894
2218
1769
1322
1793
1935
3221
761
844
2962
1939
5710
3201
840
3522
5358
2872
5627
4917
4825
957
5565
3402
3848
4331
1504
687
2032
1446
4277
6806
1206
2177
867
2801
1446
2772
1935
1542
1920
1010
2528
1457
804
944
1492
817
4466
6554
2960
1410
2025
3390
4647
2639
974
3800
1037
1541
3916
1357
3050
1987
1049
2055
865
13541
3670
1782
658
877
2234
1038
2237
3110
2219
1964
2859
1538
2411
1857
1297
3120
1674
2065
1979
711
5129
3351
1019
1637
1589
4095
1845
3376
1228
2514
717
4313
6525
1951
4337
829
2421
1696
3199
969
2404
1407
7217
1351
753
851
2718
6860
1694
3037
869
690
2245
1539
1815
4475
18590
2066
1570
1390
1439
1283
3318
2458
2197
1282
947
1327
3818
1941
1736
1373
790
1810
906
4973
2334
1668
3720
3036
2136
3446
903
5577
3411
3773
2221
5734
1664
3368
768
1528
5676
1068
2038
7008
1915
2896
1031
829
1886
985
5890
2959
1343
1971
8942
1189
2146
3188
1528
2711
5989
2475
3788
1715
5531
3648
2515
6507
2729
4354
886
3257
1974
1798
1410
3768
1733
1175
1106
3541
4135
3633
3209
1001
1624
2425
4895
1460
5156
3867
782
1558
9032
3592
7230
2321
2724
1030
4609
5714
1148
2338
1928
3685
2512
3548
1189
1806
1410
7898
4194
1321
8529
2008
1868
1753
1715
4903
3370
2426
2168
2417
717
2656
1470
779
1021
2311
3079
910
5527
1642
2349
2699
1932
1167
1364
5726
1679
1014
1679
1688
1079
7409
1108
1869
752
5673
1482
7028
5129
1736
2372
1664
3638
1550
1208
1680
1625
8157
2448
7072
2755
6221
5688
1926
2013
2860
2784
718
1661
2046
1683
1801
1956
4063
2634
1351
1529
551
2202
3923
3351
1345
869
3050
3752
1378
1617
3566
1411
3932
10198
5572
1470
1812
3909
3155
3277
2529
882
2351
8330
2125
1500
1263
7186
4854
