27370
19218
25762
37229
3840
10817
27865
33045
17525
10371
48159
3228
7817
3757
5845
12470
15089
5975
3527
16681
2709
20884
6921
19134
2834
12337
85323
2038
7721
831
6539
20073
3332
12184
30138
16687
4029
24228
4268
8278
10641
5640
11449
2773
6931
9403
13603
21062
1167
12291
5633
29186
32381
11922
1419
3670
4309
6964
16214
11451
10549
2202
10742
33430
7968
11227
1694
8295
15745
35346
29349
27730
9301
16920
43474
4598
11685
16617
1000
25771
2215
3375
28022
16208
27032
28834
11711
16964
5324
19488
23977
42513
20844
33760
36770
4312
11577
9195
41772
39488
