22320
2076
21234
13355
1032
1199
12621
4145
4370
28908
45180
10584
6369
6886
71171
2690
17219
10760
2107
3484
4282
12303
692
15225
10067
8263
7902
14559
18441
11038
8863
15363
14529
8902
8034
9232
12232
2423
15044
35844
8523
3279
15292
71240
8728
17864
27230
4473
25848
16502
787
32479
9329
36138
384
7096
28728
515
278
6338
6384
2784
293
62307
18252
1322
5262
25430
1594
5364
759
5040
71517
1369
17112
8260
6086
10885
15849
3369
757
4072
8580
13632
34104
22215
33546
2938
54019
9540
7075
6412
1788
738
27251
13703
17542
1041
18958
37465
