6177
7559
5364
2908
15567
3094
3609
2569
1061
5622
4346
2154
3987
8499
5969
1777
2941
633
3709
2109
882
3810
10273
10745
481
2871
2342
12736
10339
6933
2372
4718
2534
18517
9356
8246
9283
6587
17476
5183
7189
583
10259
14907
5791
441
2628
5882
1356
18722
3521
302
8781
1783
7614
8345
7917
3281
9619
6006
717
4589
5319
6477
2155
22753
4205
1290
4067
2440
9494
260
3059
723
96
848
2066
2162
6992
10828
1164
4138
21779
4507
7423
2536
6159
247
2231
148
21659
267
4156
4517
7946
10235
7969
3520
4219
2186
