19089
1497
52561
53296
6181
10633
17911
5822
15617
12311
2798
4715
10747
19179
6023
2767
28697
32708
14862
9020
4367
14904
27482
5307
7401
6340
8039
9773
9564
33573
15736
9675
40633
27744
48599
42779
2865
21375
3908
5261
4671
24809
17928
6781
17081
17184
9046
7544
2983
8478
25902
9555
1501
39830
23852
2828
10678
1719
3844
7806
7846
3676
19436
5574
15063
5242
3793
3953
3677
16889
31264
18502
6415
2133
8428
10519
2705
24809
1722
1986
16046
12263
7869
6989
15206
25447
21816
29317
4247
7772
9276
8108
5117
16980
16612
26736
14516
32659
35601
16776
12349
4397
4978
20522
5715
1386
7090
21730
1488
9538
1150
15486
54223
8294
24476
7372
1940
5100
5591
6261
1916
41279
11566
1990
18586
2243
4848
8633
4591
1132
16720
3147
2183
15162
37150
1115
7875
3009
7377
13670
1330
5987
15584
3507
5054
4377
10077
1635
4134
18357
2920
11061
28533
7198
8099
6361
8639
5250
23680
7640
15476
8047
26952
15184
14721
32170
4210
9120
3679
4617
12215
10076
9109
4520
15207
2915
7563
6783
1941
10206
2472
4959
56356
4099
2275
5158
8530
4261
2545
22853
20483
1782
2252
36480
4880
14138
1692
16331
12443
52985
