1881877
3000000
1768568
1403907
2733787
1055212
569248
3000000
2197970
136685
1196803
2568331
1068554
1421271
206885
1480284
575142
510233
1211018
1798759
1479755
751159
3000000
325790
2486534
796184
117007
590551
834958
1969545
1439239
1724028
3000000
22279
1816111
2614700
1028835
343784
762655
982549
3000000
1509935
660434
1513911
2890530
2322102
327232
442735
3000000
57305
1180236
209150
1072974
1215193
2942614
1475159
145661
93750
3000000
416195
745469
745267
417694
1816832
1908156
90693
3000000
1046090
2740302
809578
549608
2001037
2247732
1051227
694353
1155303
3000000
2897867
1810113
1983748
3000000
2909685
1285495
2012867
1718082
3000000
2861364
231151
3000000
724795
132353
266152
259622
1247670
1275032
9578
2091292
1036289
2696295
912171
