12442
24773
22324
6346
28912
6788
13224
100000
15624
7913
25321
13454
54848
33441
55528
11338
23800
30482
1864
29908
9326
54254
28192
3007
18279
5617
9061
1175
100000
3867
15442
52050
88397
57607
22432
9038
49354
24400
9497
52753
34206
7753
13031
3966
25720
8621
7390
77202
100000
31577
39870
44297
11103
1509
10347
1475
84875
41640
82945
5445
2766
14318
15217
32554
25450
31129
13834
19669
77083
41754
21499
6444
74287
21377
54784
2999
13322
2068
25592
90163
14959
12034
1363
8711
12547
1404
11788
59771
67062
2930
100000
43536
7045
6695
1782
90289
5092
43982
42969
12083
14296
33301
7072
15366
3434
43801
10828
21097
15728
4763
16220
27975
44724
33684
4273
100000
9694
26612
22763
51541
25322
24045
17764
100000
1185
17862
8115
22446
97148
7018
18519
9041
52262
82502
37923
10218
56027
42806
12990
55108
2891
1931
40211
58989
6458
42126
4709
27618
98758
27452
8894
14860
25023
3336
20663
17515
65569
38848
20445
4353
35494
6107
100000
44163
12670
4326
18738
97897
41548
34861
8645
59640
12426
2527
46825
5069
7994
24795
31540
55404
19512
3907
1483
23963
68474
11854
6663
30503
12830
7263
26567
36899
4841
20731
12482
31846
15857
21239
12388
7572
1480
99512
2312
10987
45330
32660
62061
7347
16122
19351
28982
29476
27954
99381
9966
17082
26458
46550
26187
8514
48900
24026
9613
46585
9760
2670
25641
29470
71541
17689
5767
8622
71256
7667
4233
45502
53610
31968
48226
19900
51692
89561
83663
2147
2885
1631
4466
15485
22519
8511
6333
1885
13822
31928
44774
49300
2948
100000
18010
52054
2952
1874
37962
32243
17074
24403
15296
18466
16528
15914
17682
49608
2808
13793
27336
51668
9457
16563
16393
3464
13891
8181
8294
6935
14792
52458
32472
34165
4221
18941
6689
5365
100000
49513
69594
53881
24043
23982
26424
100000
31675
