124303
50072
11230
23670
89783
63230
300000
129554
66432
14225
183771
63836
223289
36219
56814
121906
148072
73739
96783
186885
12356
54537
11101
265256
300000
78183
74581
32409
11692
49440
13584
186019
32626
85758
217213
92104
175075
12217
25518
87293
125915
119214
116448
66962
281000
78210
66969
116906
41764
47225
3680
135699
21129
12503
9456
141409
68289
263507
124428
4739
32018
75357
30216
66281
56816
75723
82751
7479
52130
300000
45035
49142
5570
72936
71944
8454
124446
300000
48218
38873
224436
203656
75893
18134
2657
6616
300000
300000
23071
90370
63380
40952
20810
25451
5409
151956
184313
109490
20564
21764
