4104
5127
6700
4144
4963
158
12901
6714
4170
3644
729
1039
10296
5165
9951
1992
220
11303
2464
13390
24459
6080
3634
10360
11427
2758
35218
17271
29777
45666
2156
9413
4733
9214
15624
1406
2616
6839
18368
9833
439
3709
4111
3811
8396
706
6174
2870
17940
12378
2355
27196
5027
2384
3031
40432
5019
6170
5221
3337
12519
277
6668
8389
7345
1004
2863
10940
2720
9936
18015
531
30139
4592
12167
14565
9250
7731
960
14705
1116
710
13740
1465
2009
4655
5405
16059
10988
6304
13244
4545
4530
2023
8602
4792
24012
2252
7081
15453
9877
3835
4374
6210
10426
6386
6787
6538
8389
5700
2398
21774
13611
26944
436
24462
15149
2643
527
43438
13971
757
24431
5240
4357
11646
31912
19679
1077
38365
17197
5763
19458
14047
9658
26503
2025
1049
7296
2295
16227
3826
3501
8856
10375
2085
7947
15565
16624
8729
24815
5624
5252
2274
17283
3491
12795
9247
3667
7289
7222
34357
911
3288
13668
11630
319
1390
21227
478
13950
6050
414
7225
784
4558
4268
500
10695
18092
3087
3247
44556
11620
1965
4174
10305
17088
7025
7806
26515
23376
8047
7980
2070
15930
3381
15478
3495
4605
8197
23845
25821
2713
26154
7330
10375
13974
7169
14534
3634
3653
1325
2095
15558
1812
1841
8159
2915
5434
9606
2332
55471
24569
8204
2815
20343
7337
9273
46387
1335
238
15058
10509
4595
18391
9363
3925
17630
8800
2583
15233
4408
8358
4658
1420
9194
2799
51
23438
264
3509
11141
10607
426
879
1333
7376
2808
624
7701
6863
8702
22217
1122
842
10537
3530
26286
26209
996
9441
4546
6004
1049
16590
4153
1751
9986
5385
666
9947
1590
5380
6801
14143
5076
1379
373
5864
2144
3624
12965
2415
373
10576
646
4594
5451
153
7150
7972
4993
12041
55531
29128
20179
6968
10831
2324
11822
1525
9295
20442
15336
44950
4254
5994
29939
13112
3857
12558
5516
14954
10775
1455
2752
6152
8803
16772
11615
15051
17150
4223
7349
12294
303
2980
945
11352
595
32665
22116
2473
6735
6384
3965
29249
1259
24695
9131
3512
9051
11268
5117
7892
6201
3620
4608
5086
16364
3963
723
3898
7326
1891
1527
20245
1452
585
27442
11215
32241
8974
1812
2496
22582
933
10838
13957
4321
3583
5672
31687
9779
3693
6315
4305
5806
13222
13830
4166
33696
8927
11113
12657
14265
17097
2119
20402
4123
3888
26385
41249
71547
1526
15462
645
12758
5582
18144
23275
582
10419
12164
10256
5021
27202
14908
10098
464
5336
9855
7133
6186
4402
11427
290
4396
1224
656
178
15782
34927
7856
2301
6755
9775
8925
500
3659
22070
1279
4312
8283
27473
14227
9060
1339
853
4053
3522
9191
12403
3750
10788
10362
2294
2423
2268
10896
16669
22324
16909
7501
9947
1412
8762
944
9232
3320
15027
1843
3691
938
21110
10509
3159
9303
6612
17701
7893
23114
37203
9876
17614
17805
79001
1563
4419
3206
11097
9215
9084
8497
2339
25261
7724
11281
14998
19733
9736
9805
27803
322
10586
7861
3134
7126
3852
4513
10863
8644
7017
4670
591
14412
14956
7322
22735
2484
1378
8115
3866
3927
39573
10682
10975
48363
3501
2087
5753
4485
3288
5852
1662
3019
703
769
5240
3050
11480
11336
25664
2466
10648
20397
10188
6859
10774
25956
8976
12487
16140
67817
10958
13793
4412
113
10271
3066
5244
11393
5529
1541
7818
855
1420
10551
26815
15707
3768
9065
2009
904
2988
13325
1283
13789
9909
43369
2544
35992
4502
938
8689
9672
1141
2630
3404
4859
14227
11364
9315
8366
3166
367
9950
10479
1389
25111
1325
5499
2145
3460
648
16423
618
356
29689
7099
13075
7297
2027
3244
16105
24046
8481
64139
2138
1157
18317
3641
131
6011
14559
5065
1841
4764
9556
27959
680
3756
7739
12338
11245
2296
611
269
37222
5681
1298
6750
1658
31264
3197
31611
7288
5388
2531
24554
29701
4860
4049
1806
1103
4274
7287
7247
4978
3714
10681
11401
8507
713
1060
19265
1373
6460
6791
369
1801
6290
450
5121
8123
34816
1796
14398
36632
4429
3568
4048
1533
4535
25563
10261
6087
2063
4889
2219
10147
924
4088
8169
279
4209
11410
18244
14501
11062
2813
403
10928
3937
8617
358
11501
2099
3095
5337
18325
10351
361
11576
1414
12907
612
6789
4675
13182
5305
18583
413
3549
18755
2167
1367
7975
5677
618
6667
500
14233
9811
10329
1015
4008
8014
7609
1124
479
7862
719
7703
5475
23033
59776
13219
33732
12472
8248
5435
15597
17717
8919
6531
448
15751
11879
8495
10332
11631
11693
4607
2223
10356
2515
33153
1730
6253
3018
4371
3882
10818
49315
1172
43700
5751
8826
12355
389
17698
35457
4124
2405
2256
9669
1162
3888
24304
7634
3365
2808
20763
5343
2652
20088
14856
5891
967
10485
14770
14158
14923
23672
10950
8533
1030
5367
463
21625
1276
5102
9630
7509
8714
2544
3105
31023
17496
1121
17345
9177
7998
16482
1642
15458
7896
2461
540
8006
10563
3647
4012
14184
3224
1963
1138
7456
10599
26457
3988
2459
11704
5092
1769
9464
13657
26168
29604
4118
2950
4907
45357
16320
26372
34566
1784
2598
2277
3022
748
13145
9002
4886
19266
3148
10948
498
7784
58242
16449
4265
5277
38199
804
19804
9161
11552
7820
13326
10217
32055
19258
1119
4398
22314
5935
1385
6191
13084
8437
1327
520
8330
28261
125
1055
8793
240
7987
12274
18548
5483
24150
1588
4102
1192
12226
4501
8211
971
7315
1606
6602
3757
3763
13026
9952
720
6953
8692
242
5058
2349
8452
3865
1093
13947
365
10620
8768
10656
2228
1676
16460
3123
6119
7461
21409
7428
2259
7129
3824
13138
3475
24414
4246
11158
2159
4501
12579
19524
26592
335
149
4656
2254
9512
26796
24552
17023
1027
7839
2835
5775
11775
4401
13822
12054
2241
7684
19570
30022
7969
13889
243
2698
18464
6764
3722
14616
14114
5609
6939
15473
8641
4345
249
6701
2542
30202
5662
8042
12765
873
108
61018
1461
