2892
1584
11862
6909
6302
5946
9304
18371
25838
2606
1658
1828
6283
16859
1891
10745
5362
45679
10735
13422
8857
5395
5496
12605
19704
4670
2742
3232
5675
7795
982
25899
15746
24121
5331
10835
22327
6542
14333
7509
22964
17003
6815
7761
2797
4253
1315
878
6187
12342
23362
19617
2181
20970
6851
16797
9397
14714
2080
9043
15145
10836
8167
5181
3636
2647
9963
3036
3930
3540
8459
1625
1570
4459
21273
6787
5547
27757
3379
11551
2273
2418
3726
15876
6920
814
1175
19638
5375
10191
2462
6364
23532
3741
6433
7253
13019
2302
20482
12910
3314
17870
2852
4823
7847
10733
2290
2871
11767
2936
13151
1712
18574
2610
6972
3634
5281
7713
4903
9191
4614
2572
10175
1541
21717
13537
1717
7961
8887
1428
11979
2447
4878
3376
11207
16591
7206
6773
30990
614
548
11752
5123
1442
9005
3629
11528
1622
15363
19156
3175
11038
1308
5288
1172
7435
2053
1235
770
18450
24442
1230
8599
3834
11846
10455
7617
1027
3944
6719
2497
7262
5140
14187
6950
6477
41510
3903
6170
13815
13413
2645
3238
2032
2475
2296
1176
4600
29972
6394
1292
4328
7233
1469
3421
7597
9500
2849
774
5322
10925
35499
14660
8630
5990
1505
27552
10031
11456
2246
2095
4564
1559
4545
11548
1415
1625
1670
9035
5305
2812
4188
14997
1207
16917
2877
13254
11653
13913
12547
2192
4412
31474
9408
13440
7786
1561
3766
5725
14413
3629
12990
3736
898
30565
11544
8367
22050
2815
28419
16574
3402
14540
18483
5922
2949
3736
1353
11691
8575
1336
5258
17937
11922
7323
3272
3912
5762
5033
1752
21205
1307
20653
5088
8040
16159
5265
6388
11147
19382
19048
12713
3778
23302
7490
719
1743
1737
901
5722
3555
1070
21362
7568
48679
23940
3476
2221
817
7918
23105
3132
4461
2607
7635
11357
25944
14781
675
2299
5027
13307
4925
657
1674
4772
17748
15755
6338
25184
1507
1337
18617
4264
2284
8750
6702
2961
1376
4796
8336
5255
14536
16792
25619
1186
8767
13930
17903
4819
6209
36663
2768
1937
4658
2402
2333
8110
8440
10135
4572
5205
34181
14192
1330
6874
9111
11678
1765
1153
19253
6472
997
1739
1236
14276
888
5876
48803
4744
2148
22939
6065
6221
7180
7695
3196
7435
8900
3456
3584
1680
1024
8235
10524
2641
20759
1354
8076
1626
9450
7314
19003
28890
29971
1177
1115
2307
2639
6535
2166
8366
2558
3062
1011
12406
5529
1058
10235
4155
6680
20983
4466
2394
1095
13485
5968
12821
1654
26752
11769
2617
6895
31234
10060
4865
3580
4258
2905
5655
28806
6542
2428
3298
18825
6948
6206
3628
6355
6838
20765
1091
26466
2516
11991
6656
5896
4469
18400
26746
4041
13123
10461
15825
15460
5807
18428
798
3671
12743
3223
7743
7190
4355
20121
3374
17808
2972
9885
1856
2475
8643
5412
12558
9564
1453
19224
10404
22260
3509
3492
11456
3168
17557
14191
1620
7382
2811
10756
6864
2226
974
3526
26468
6206
3448
2339
1657
15474
6098
6634
8831
990
8322
5439
1869
12259
29755
3046
26902
6000
2519
19011
17915
4626
6813
6248
2743
7293
10399
3768
5235
3658
13509
4547
17876
2946
5475
1421
9332
14693
3192
21389
19086
1642
7956
3909
11239
3820
17302
1476
3454
4642
10231
4969
5391
8740
17124
4292
3851
11406
18452
12392
6034
11882
1136
1357
12556
22256
1337
1302
5665
2380
6775
1528
9204
2485
15331
28347
1404
4001
6790
4782
7777
4083
15916
1085
1680
7652
1185
5192
962
9589
5317
12382
5062
3006
5786
3165
11284
42070
7429
2682
15592
4383
3475
10311
9820
7179
7321
12215
1161
3328
13393
6780
2138
11787
8654
5265
3916
9755
20395
6800
2745
2267
3910
7445
4218
3484
17602
3640
8353
21516
12666
15859
2443
14517
24278
8767
20773
3078
21228
10235
22947
15313
4571
3141
21751
6307
19024
14986
2008
2577
6771
13766
37309
7411
4455
23223
1873
11390
2202
9067
2414
850
5454
13856
5725
4542
3589
3516
2013
6953
11069
6057
9820
26372
1697
3940
4859
2662
6349
2180
21619
4701
7731
14803
944
11126
19724
5275
1616
10845
1927
9904
4568
9201
16162
7925
3729
1001
41674
2436
5955
10996
8312
3715
4096
7663
2601
16049
7999
9567
5958
826
12841
22113
7047
14357
1881
17374
14615
8109
3604
12723
9079
8949
5837
5057
7040
1167
12268
950
15225
7759
23454
3151
16955
19791
824
8489
1185
15223
16430
25673
3176
7161
17164
2143
6742
864
971
1714
2234
9989
20787
1269
4277
8794
12523
1054
2108
26242
3096
2277
13462
23291
1762
14601
6709
14435
12038
10378
1368
1804
2711
2747
10684
6193
7907
7666
3394
20433
14621
12336
1323
21270
13395
8249
13827
14445
16703
22409
1545
12769
1200
2903
710
1640
11160
21359
16668
5647
7174
3596
7094
7830
7295
4805
10245
4076
797
1644
2339
15357
15356
1781
5148
27426
1404
3614
2089
26332
2154
2294
5372
7614
5631
1043
4256
7477
8270
4827
12530
10424
6946
16930
8143
3981
22601
24597
11420
29536
5949
9194
6925
2927
4368
4356
9749
5042
7189
4137
1462
25977
707
1808
3878
9452
2256
3675
17161
15926
34086
11873
12324
9119
10796
2260
4074
7640
25041
11579
23407
8661
26666
1214
7958
13513
2331
28659
8419
3035
11463
7564
9779
19258
24227
5850
7540
4211
5486
15537
16880
51864
759
16121
3694
25736
4264
18888
1085
2303
3282
11052
1759
10882
9704
2578
1551
24655
6207
1705
1251
12518
20262
2567
6752
1827
4188
8514
9942
6180
4808
5225
1142
6826
5298
4268
12693
5507
2079
8847
24021
32366
2287
2535
1710
2120
1471
7130
12566
1510
3567
8010
8530
8421
29801
3046
4357
1877
7065
6085
4104
1887
5168
6600
20616
1117
1927
8285
8925
24283
12670
17887
6601
3443
2516
3314
13623
1885
5477
45066
73110
3438
9537
16723
4705
4463
8346
2309
9175
16764
11529
3448
9740
11889
10417
7449
4385
5432
12081
11781
2598
8140
15158
35297
2785
821
12183
2938
39400
3371
2171
12348
1669
1450
4895
8198
8561
40151
7787
10845
1633
11316
6171
27052
8623
1916
6355
12064
4039
9982
9912
7985
8007
12585
8933
5904
19251
7410
21995
21595
7278
8490
6740
23554
26760
6597
7583
3146
6194
1353
20655
3694
7100
1074
4276
1847
6181
15519
45785
1666
19276
4112
2847
6992
18153
12781
13229
2120
1084
9773
15383
2891
8589
5420
12558
24551
1309
801
9133
5425
9949
16630
3946
9871
2303
3380
4395
6229
1298
2748
5486
2715
2103
9338
19857
7806
31812
3067
2565
2840
4574
10878
17994
2292
8522
13136
3449
7559
5342
32124
3977
718
11144
6611
14651
4799
15344
7463
20889
17650
1508
10503
884
6102
5590
14287
2406
4481
10633
8626
4834
639
24747
21814
2828
1053
12935
1244
10300
1083
7886
27776
1870
11678
3013
3803
15046
17838
14665
5015
4081
4605
1856
2934
7516
2298
2516
7988
1360
22317
918
10848
4691
13495
843
3659
6794
2356
7593
27090
6240
2980
21752
1005
2723
1166
29586
4278
4079
2895
19511
29577
4560
3520
12755
28991
12665
8135
5347
2446
29414
2094
5437
10721
8846
1191
5918
2543
5667
32223
19120
2829
19863
14798
9082
12357
3490
8464
4819
5045
5173
5507
8773
11223
3055
7727
6148
3523
6474
5443
5413
6689
14364
2240
7385
6468
2686
9781
1538
29785
25487
1223
11624
2051
1305
8994
7991
3341
11732
8107
24109
4985
21810
980
5058
3005
3027
4808
842
9812
7212
2238
11884
1220
681
3378
4530
14062
4141
2810
9234
10101
24559
5530
2115
13704
13265
5281
16402
9250
1401
10496
5607
16467
10287
2773
3494
1255
2834
3893
8556
616
2875
13015
6678
1239
3411
3728
6159
5895
10921
3061
2069
2994
9748
6294
9304
3617
2179
14928
5263
9734
7321
2478
8166
1758
11874
7189
19552
10717
1268
4269
7980
17282
4393
1877
12795
13061
12217
21297
10031
1323
12071
11784
7514
8663
1830
3399
1372
56022
4715
1790
24817
3052
4524
29933
23325
5238
5881
1651
2219
16909
4169
23248
4366
8763
17130
8382
4742
12977
30475
1370
5322
6515
2725
5037
4857
4928
6321
5434
8575
11259
10862
11936
7828
17934
13632
7494
1629
17301
10725
1522
4603
3626
30752
3555
4550
2155
826
12753
8666
18856
28673
13863
1019
22383
6339
1863
5451
7981
12904
3216
5478
1137
4730
2653
10594
29004
6420
13495
14139
8842
4353
12991
10302
22027
19091
4006
13392
3958
19590
6536
18436
9673
12406
3889
3789
9734
5816
7614
12120
2314
7187
4437
19396
5627
2679
6167
1325
4017
16176
7105
1525
3057
6955
6301
11580
4675
5351
1225
2943
16590
1330
7444
15090
4512
2944
18448
5455
14886
5962
2065
713
4831
9527
26646
10034
1253
8441
16249
8827
7743
27777
11142
15474
5267
7682
16274
9574
9561
3958
3047
8252
13229
2599
1454
10103
4902
8667
3096
8057
4434
6083
20382
3350
17628
6791
3789
2599
10475
2065
6578
3416
13443
14039
6597
3856
30343
2047
7495
934
1688
2752
1537
21114
28715
5299
10918
10209
20149
7268
1454
7717
14353
9239
14015
2136
22506
15823
7671
6456
10563
1313
12483
3832
19368
6865
14676
10640
4945
7739
2947
769
7679
14082
1317
5876
2668
4575
9692
4585
8462
2919
14807
32859
9601
6302
6395
5639
632
18015
8669
4762
29131
5987
1341
2942
6482
8597
2395
2096
22206
5288
8437
16900
28162
13908
18284
8802
1436
19639
4687
4564
1507
2771
9612
19538
4155
7779
13167
1189
7341
2032
8044
1043
1639
11932
21014
11727
8386
6279
16214
9149
16505
9060
23267
3494
17048
11880
16632
13677
5130
2690
10106
3047
1272
1087
8083
5931
14212
22519
23313
8727
1224
1458
6612
10389
8848
19034
4235
871
26531
8515
17603
18312
18732
3212
1197
1415
14788
12027
3686
3013
5036
5784
4545
1981
4847
14085
1859
17296
1953
7209
4621
4629
4844
2067
6031
2166
19353
18935
4826
2365
11475
33779
7757
22795
16688
13652
6120
18355
4909
8472
19710
2948
27223
3364
1430
1245
1101
5301
4392
8106
6454
16423
4766
9134
17049
6312
6160
2242
8594
3268
1754
7105
17729
17844
12623
8773
9505
1851
2719
11752
47420
840
9128
5478
4408
1303
4124
7225
28061
3897
4373
3289
667
10481
18569
1361
2150
5630
2813
7478
5854
4483
21114
16389
9918
1224
32679
4376
813
10912
1280
7473
5768
2673
10670
2887
21972
8903
1691
897
16223
1808
10902
13543
2881
1578
7394
1340
3706
2403
6973
19160
1824
1323
1451
17187
14738
4323
4240
4871
10361
4527
11100
11510
3823
2015
3500
13862
2805
7889
10079
29847
3327
5892
3251
9716
4458
9335
8775
2713
1693
23394
2021
7577
8311
2427
1387
48744
12171
5992
924
6984
9092
18432
8590
9529
14963
2589
15096
5542
17739
9027
1220
5218
1432
1737
9435
9638
8761
4032
14482
22233
1877
4022
6466
11032
15161
12291
27944
3261
20746
4675
9587
25887
2739
4143
4129
8136
22249
14934
5820
5537
4318
8363
7064
16314
42658
3036
2284
22084
7947
16542
7718
6993
2719
18985
5749
8565
48603
9707
3779
5507
7284
4129
2467
1861
21990
6602
6042
4781
54195
6531
8080
18794
2292
28966
10753
9628
18029
5452
14749
2617
2854
48939
15863
12339
4888
13260
2681
5029
6190
7371
6877
2875
21151
3641
17260
2845
22093
29593
3350
27198
1158
6071
7020
9724
4861
6087
24539
8397
5682
1874
17880
5810
5249
10133
9151
7483
9311
17660
9156
6790
6195
1296
13130
4818
693
20906
15231
18180
4459
7248
7538
3786
4590
3514
15079
1336
4276
939
4308
4234
8419
1315
14026
2864
13268
6435
18434
14650
5834
1310
7680
8122
627
1966
8904
9684
14604
23773
7182
5592
991
1968
9963
7802
4216
3886
12616
3791
10483
5202
5535
6332
16345
13557
15305
6823
8917
5262
29534
11289
8987
6525
9067
10945
13863
2378
5919
6764
2376
1924
4587
5445
2937
5011
6745
15547
8968
8414
951
15584
10334
10672
1085
2238
12811
6816
11233
15457
11179
7101
4601
1628
13202
19411
8270
3942
2844
3466
15866
27010
7363
13485
21797
10350
4445
9866
14289
3122
16151
8041
25367
15973
6591
1209
5636
20615
1893
2027
1554
2587
1837
6087
4363
10479
6743
1216
23359
31396
2053
9244
36432
8582
7184
1414
3186
3316
5662
3432
15160
1911
4563
3852
1712
1597
9166
1742
13216
5265
3471
15232
2180
3252
15816
1268
14153
6619
3057
4961
5303
4518
2793
16295
4338
10538
16510
3141
25076
1804
3943
5381
5009
1157
4012
6108
6076
1414
21574
10152
5621
7152
9304
3972
4090
8303
881
3517
39688
20544
1896
7587
10745
14090
18084
9825
4966
12727
27823
6839
5043
17049
27819
15906
1624
3251
6850
5278
17094
8191
3851
27069
1507
8908
12677
15717
7884
582
8842
8683
7862
1673
28099
9423
5936
9314
10003
4123
22915
5021
5061
14672
15738
760
6070
1089
1738
987
7156
8105
12631
2967
8917
1782
2745
7399
9362
5662
4001
3141
40258
21016
15442
2405
13422
12779
5550
2026
28390
2632
3829
19579
9631
979
25011
13112
52000
24980
19895
10876
4527
15723
21012
6621
2766
14106
2751
1215
19973
2119
1688
3225
14436
9130
2743
20758
1292
5049
9278
14977
3843
28691
7845
12789
2502
29102
1404
9547
7825
2029
8560
1054
2409
12980
5613
13661
4120
2931
7369
20667
13624
3372
5688
1907
1137
4154
10264
8720
8657
790
6868
4278
934
24818
10142
1753
5457
928
8578
2189
1990
3827
8094
18823
17318
3753
4482
1640
8492
3456
1763
13255
7582
3523
3384
10269
2427
12101
21893
16528
1502
5404
21528
1402
3411
5279
6888
15856
1775
4071
18716
1276
5768
751
2874
13255
16725
13439
649
16638
1479
22312
35973
7528
23901
12671
18741
2307
13667
18154
5143
15285
5395
12258
17422
2291
10704
3443
1930
4867
14133
14947
7436
7917
1883
3307
2867
5672
3564
19542
17884
18457
4219
6698
1630
886
7154
29836
2645
880
10721
21760
16227
2161
4792
6841
9958
2383
1834
18047
1393
29850
1761
17276
3573
8012
9029
14414
4212
9850
19574
33344
5654
29463
2073
3744
12178
27590
4625
17542
692
27855
5613
4999
1710
14022
16513
9699
7362
21172
2125
2119
15734
23582
31352
7747
3751
13072
3025
28360
759
11032
22278
7505
1494
17763
1404
19112
24704
16976
10817
1234
11275
3651
1241
26566
16592
7082
1245
1979
13654
984
8612
2427
980
8220
3031
21218
6414
13683
9175
6500
11029
7993
1598
8348
5610
28715
6838
3999
8571
1240
3948
976
3903
8492
1992
1720
17964
2051
27090
3921
9363
1650
14037
9480
15630
4277
1292
7688
12800
20896
13766
9517
23539
19790
24546
1072
4624
11915
2951
1802
22401
2549
4333
6668
8017
13418
8029
10364
6814
6785
21019
2639
14715
3062
2404
2146
1544
8415
2342
1728
3790
1858
2906
1225
2363
8998
8850
13064
5528
20865
11534
2676
8407
11712
20356
19888
4997
2223
8525
2835
8752
2927
13158
950
4843
1609
10939
17835
2379
11923
3931
6391
4026
737
756
1837
1035
7305
4049
1416
10682
4402
3411
18039
17865
3578
8002
20609
9064
2260
6822
6110
2824
1106
7256
8187
2306
7123
2109
16385
32138
4656
11357
3354
2802
9912
21664
11807
1589
3753
23740
1027
879
967
7764
9434
7125
9888
7947
5607
4891
5318
7867
6378
18998
13562
6938
6394
8129
12099
7689
10877
4302
15561
13190
14145
19329
1787
3514
4774
4568
7885
5079
3709
2094
2017
892
24462
10203
2652
3413
22218
13482
6775
1655
7171
12240
20844
5648
12624
8373
7945
5517
10623
3216
6240
13230
13013
4431
37455
25957
8671
4080
711
16637
23585
2097
1042
8297
20631
1068
10346
1426
1792
2076
16062
3816
7713
5305
2049
6073
3458
1830
15387
10978
7175
6544
10270
11196
22494
11796
10188
21223
17363
3224
6738
2548
10092
1156
17159
4150
9051
2612
3998
6405
999
4603
3579
1772
5454
3906
24911
6669
2020
3320
10547
16374
11742
1049
5937
9240
17456
10926
14401
5294
25581
1236
3619
1166
4577
3612
38564
821
1001
1713
3905
20345
13280
9155
11542
5583
8293
4238
5635
3722
9182
12334
9319
2367
6376
7885
1078
53023
22413
1331
10701
3317
13453
5212
2091
2837
23148
6414
4594
669
10893
4150
3363
1963
12033
3983
5452
7100
23540
7015
13936
4472
4143
2964
9066
3284
3426
1421
4980
6404
17767
6078
3323
3295
2328
4025
1378
7061
8794
1669
5504
5318
17473
15903
17407
7022
4663
7250
3844
19983
8561
14360
16960
17082
1268
3801
9601
13239
11136
1375
11120
3017
11456
17025
1539
13660
1571
10542
11850
1438
3775
8353
3592
4923
11771
1516
14370
20640
19799
6024
3341
9094
20416
25759
1832
13232
17984
9026
23934
8762
4156
1451
16049
10455
659
6710
69250
2038
9880
6988
3018
14323
3923
4324
8933
1820
2714
4235
6750
4490
35306
23203
5224
3980
15318
5974
10507
2986
3454
6265
25259
25610
2295
1044
14782
7812
15155
6947
1447
5698
4131
6758
11721
8846
7359
8244
16100
12359
14805
25304
1648
1088
36574
1129
2643
25354
7282
3678
22132
18179
10298
3868
5027
9239
19890
1632
2709
2847
4203
2090
4650
3494
2892
7263
19908
8804
7028
12516
1059
15954
5322
9789
2243
13959
5254
7823
5063
12115
13489
7361
1117
1054
4920
9239
1263
12364
3550
5197
19694
6310
12683
7788
15453
856
5818
1815
10485
3818
5445
1947
1639
29377
9383
3440
1606
25883
8936
5451
6773
4260
9173
12672
7127
19302
14604
15667
15313
51968
15736
13598
8861
6870
2920
7920
9065
7308
20371
914
2687
2622
14744
4053
4611
8057
1483
6292
3726
3279
7796
39632
2776
12137
2184
2528
1248
4127
3761
3346
955
4369
1791
20356
10561
6701
14254
8016
6742
9164
14033
27034
9065
23189
23504
3068
1437
30890
15671
3876
2686
2588
12203
3401
8125
4493
7440
17582
2396
5627
1290
37967
13242
2380
9841
17608
1904
11835
9633
7068
6356
12136
4359
2925
51747
17374
9620
3008
7562
7682
4524
1067
11750
10728
8270
16169
2694
14448
4132
20391
13537
1814
7111
4991
1591
5345
2898
12920
5963
52897
11401
5378
25431
3633
20268
13408
7254
17184
16469
10917
1194
5412
1228
1235
6431
685
10791
1291
13578
