21567
5720
5144
611
896
14455
1373
2237
2880
24442
3238
1701
6233
10465
22459
30648
980
5642
1156
16039
3034
12479
2954
8226
1153
21006
8745
9631
6217
33324
31151
2154
9522
6712
7920
5602
11078
10894
14911
2291
11637
14575
2752
1821
19403
3080
8941
5062
2481
18413
4485
3173
8495
4437
5139
6749
23238
368
12091
18657
1374
9401
13023
11554
4678
3335
13182
11292
2605
1426
20689
10202
1971
4551
6255
3254
9816
2188
14304
6797
1973
1911
17839
9515
5569
2790
12435
9730
7380
28532
1212
53802
1445
13502
2081
7641
4258
1313
15780
2516
10456
32023
2720
5617
1832
8863
5688
2587
39885
694
2163
4199
11602
22953
1041
8525
13766
2735
1531
3936
3737
1986
11810
9281
2752
6278
2094
3467
9639
1874
10688
22318
2342
16248
3640
28826
7972
23697
929
6731
9866
6563
43528
15468
2770
18549
7987
12922
19070
27556
3204
8369
7041
3336
10283
10443
3982
1536
14303
20539
5585
19585
4260
8659
3509
1192
1737
3879
13257
6092
1322
4067
1096
3065
20076
949
2961
4435
3966
2764
19777
2800
18242
4082
17317
20108
17916
9037
10035
8889
2235
4306
1572
27719
2012
2585
9365
5012
4657
8023
7678
14844
2060
10095
8548
5719
862
25277
13407
11702
39766
3898
17425
9031
2350
3929
3690
7263
18600
7952
10022
1457
4799
1468
2819
13326
7230
1502
20378
1408
16209
7058
11830
10190
1918
4473
14933
8300
2117
7390
2071
11546
16647
4775
14229
3564
1447
25610
1725
3172
5573
28151
1568
8279
3305
10512
7561
2147
1109
40226
26545
4525
6746
2671
3446
3042
14025
4696
18962
22902
14817
868
2905
739
2719
1530
14826
735
10086
16219
5395
3583
918
5202
4472
16996
21032
10109
8218
18269
11817
7986
18574
9238
12722
9336
3758
23520
9547
9039
5584
14246
7157
2189
9690
19828
13822
10163
7752
3812
8864
25960
20301
14332
2075
3033
7149
5528
1232
18179
13763
20480
12833
15856
3530
9163
4479
11853
2597
7248
7373
4908
38266
4754
2842
7451
3863
3270
890
13909
17728
18642
1323
15775
30467
9974
34419
17200
3250
2703
936
13770
3965
1615
53885
4812
1429
10739
5671
6269
11161
1091
7518
6781
5261
9616
8430
21492
5852
2678
3606
4652
737
4652
3735
26312
5413
21572
2216
7355
10519
3261
19687
6979
6411
1970
7653
10778
5253
3428
2647
7489
35518
901
6780
1710
2162
13256
11324
4983
15571
3074
54760
3732
14136
6477
6002
11061
5163
2493
8023
5684
1722
2970
11929
3545
21217
7847
3874
5607
11497
5354
7535
11089
5093
3994
11760
19851
2961
2043
3566
5427
2117
3523
22465
22556
10617
3443
27606
24574
6925
3389
2496
3922
4747
4350
2029
1003
3601
1876
5994
20037
4316
2292
8605
2010
771
2503
5162
25153
1074
7829
18543
9050
8348
16541
5445
15963
4343
18203
8117
19759
23645
6600
8952
4012
4932
4714
1388
8512
3165
7157
4549
612
3795
4064
8586
9741
22763
5195
22198
12872
14845
4857
6352
36678
1554
2422
7662
15047
4446
5109
5923
12144
5505
4334
7702
15841
4712
9879
18535
10129
14043
931
1401
2560
13282
11768
4653
4476
25977
7645
2465
11417
1159
1382
7598
7482
2561
5777
6446
4466
22689
2253
5495
1802
11942
5051
50663
19632
1183
1706
11463
1911
27499
9781
2309
26299
7533
6314
30473
1866
16347
9087
1535
6691
17340
1705
12946
7256
7840
4995
18876
2225
7567
6732
3771
10383
9460
3038
18428
15116
8575
5236
3602
857
11023
1371
10752
5226
6239
4182
6603
15700
7734
6555
19094
8854
7185
10832
6931
2126
1444
18303
25961
16464
10741
3579
42525
16671
40313
6866
6511
6566
24791
1264
6092
1404
7552
2097
5998
10577
635
6308
10151
7640
9945
10778
10045
4951
14977
3366
1609
10800
2470
18793
16218
8264
11749
6809
10527
13075
9569
780
10471
18395
3712
3934
4926
13067
16252
10194
12235
11680
4572
899
4788
4979
6082
3317
11849
4728
7166
8442
1939
21521
9259
4137
7288
11155
2530
15576
21598
19345
16326
6635
18359
1367
4718
20327
5692
2226
9492
9909
3479
2870
18574
5806
6038
1603
11238
1094
20105
13451
797
20628
23465
1288
21092
6988
1401
16987
16819
16021
6327
2092
10824
7215
11705
17528
11025
4833
4571
2519
3464
2561
4501
4205
1173
5232
693
3142
7795
3178
880
8789
4469
1636
3072
25341
2640
8905
1140
1929
20095
11114
4512
1924
1199
7719
16015
8739
11175
3310
10008
4286
2106
1495
12815
2259
11515
1418
8603
1470
6627
3777
6245
28260
11841
1706
19136
4895
10987
5515
6327
27880
29594
979
3756
1925
1192
6525
3266
8188
1995
27929
8316
19276
5053
16571
6137
799
3502
10434
12172
1618
5642
1717
4227
10388
3559
2036
5000
2314
9303
6620
23032
15466
1387
5741
10989
7645
8719
2055
6558
11319
24115
854
3576
5380
8695
3042
3120
8608
10959
13814
8875
5987
19338
9457
20009
2112
44441
8185
10618
11177
16379
27595
2792
8300
12209
5397
8451
3834
3964
14713
22875
36243
8824
11245
1569
15126
5998
1694
36435
5125
10553
21771
11155
11033
22445
1111
2258
4518
733
13255
6715
3629
1808
18918
3715
3638
1899
1003
3676
5461
16063
13751
35194
23025
9309
1449
914
6183
9516
4643
9318
22168
2530
3059
4192
9502
3198
4070
1049
10726
46639
2977
16527
2606
7114
15422
27528
9514
2645
903
9506
7038
1239
3503
10301
6257
5741
9182
5997
12207
5609
12860
13254
13789
2166
13862
1770
16982
1844
5085
24308
16130
5143
3062
8511
4163
22572
11732
16665
11110
6281
7683
31759
15789
12177
1860
4288
17398
5989
636
4798
1886
12269
6261
4378
8171
14076
13560
18301
3939
11095
15365
4654
3061
14751
5665
730
1005
7440
7459
5890
13530
13592
30708
12273
4673
9741
641
22557
1357
950
9049
7738
9708
9215
10171
8842
10817
7482
514
3979
7450
4391
10051
4124
7334
35900
8374
17869
12136
21504
1312
16735
10011
9058
12462
15869
8677
6826
3270
19731
18942
712
2437
9997
7983
22948
2119
19758
1394
8409
3583
2167
13040
8790
30064
5611
24405
9971
482
4720
4102
25776
17174
16244
2219
5574
2689
8311
4243
718
2554
17118
9678
2356
1240
26779
6917
20005
9810
21214
3314
3680
1288
24538
19048
5750
25262
5297
10531
14379
6599
5494
14547
3068
1823
4466
4613
12066
3011
14273
18505
13123
5473
3690
3671
4392
4919
12391
10692
11953
7473
2694
8185
11695
7289
5736
8304
27679
7104
4290
1879
18013
1022
4530
10373
16906
6363
1825
13339
6531
4972
7279
965
8675
18738
16965
32411
4514
8130
6666
3166
4898
5678
2606
10849
5556
18146
10113
4813
3767
3382
1488
14991
1831
21336
3926
13748
1506
8988
9576
9002
5291
10413
1598
19222
3483
2241
9476
1665
576
8256
16510
2276
2439
3616
1091
5006
14365
5097
25234
10722
8825
4389
3150
20716
2750
2941
13087
8514
1438
8187
3295
11630
1200
7490
10341
34462
9833
2584
9239
16629
1569
12880
14300
14123
1647
528
24750
4012
7190
43161
4840
21622
4234
5295
26126
7595
9175
18396
5000
537
3617
1597
8038
3176
4595
1190
5254
13642
25731
20886
3351
1319
35129
16372
19430
14195
644
39745
13832
10481
5589
4644
6021
5169
9330
7645
4150
61343
6049
10535
757
2753
4075
10075
32827
1317
12315
15785
1226
2970
13063
8770
6125
3246
24629
7748
2103
5752
2008
7529
15398
24638
1438
6993
3078
17814
5787
18430
6462
23999
4888
2762
13043
13560
20058
4104
22481
4902
6292
3273
3144
673
6206
29808
4899
5048
18234
12401
2345
574
1976
944
5368
973
2310
2273
3705
7132
7659
1001
8156
4902
2521
4408
1075
7145
13444
15049
1225
19984
16444
8988
10597
3276
5257
5984
10302
19668
861
4169
4513
7082
4485
7846
2496
3161
30132
3031
5824
3662
7315
3212
7742
1622
9116
5567
4618
4067
27998
10929
14295
4762
1829
3836
3715
7159
6632
6440
710
13814
2045
2219
4764
10994
11869
1126
2290
28899
4836
38742
1318
10416
928
3433
11905
839
7648
3385
13811
2821
10722
1333
10357
4209
8700
10211
11492
2128
4565
3031
874
32363
2013
1733
2505
29321
3499
8420
8213
10231
34516
8100
5190
6636
1329
2652
5732
16101
5248
13435
21945
2141
8176
13384
15921
47061
7037
3128
16364
3692
5484
8369
6383
27416
10337
4246
2849
10450
5968
7473
6023
4904
8436
6740
16499
2034
3244
8154
5827
920
7910
2454
14014
5506
3937
3033
10578
18089
14672
2305
17808
5039
1827
1008
16615
6421
18678
2794
3237
17702
11967
2803
17538
1748
14463
3044
4523
2541
3195
4322
9197
16273
11198
2083
25294
1582
12641
4876
14194
8679
8231
2616
18467
5169
9435
1927
11023
27969
1821
2299
16028
25264
9576
23943
7046
11927
3647
1946
1211
780
13209
12546
4951
3131
5223
1801
11897
1309
7851
15027
2527
2766
16213
690
3377
613
3926
14784
18616
2614
26245
7518
27975
15437
1123
3272
8888
4671
6066
5067
1251
8305
7684
3908
11227
19387
1116
9609
1213
3974
4732
5819
3706
4076
1082
9919
2363
15293
3221
31167
5925
3115
8990
20845
4173
1703
5624
3372
50010
2038
15648
3520
4638
12359
19086
635
8848
4482
9030
1070
15510
2049
20546
1432
843
24745
41097
3174
1018
27606
5576
10428
2778
1530
2148
4693
10115
15098
21198
1848
31904
1808
1126
4048
2769
7902
7086
5279
17949
12098
2585
4333
14877
9422
9379
3318
1136
3405
2881
6948
5710
13262
2658
15446
4600
5743
17817
4985
9269
839
8766
9533
31205
4193
25063
12031
21408
6895
2082
23007
1339
2483
14365
14048
9617
7473
3690
8000
2953
4350
14571
6544
18124
21805
9845
5650
5042
9314
1038
1850
27121
9825
9663
3548
4558
26333
32444
8399
9620
7729
8185
9357
17952
700
14886
1378
1625
10411
26576
2941
1676
5738
21835
29951
3850
3228
15753
3057
11884
39434
7389
16040
4914
7189
6655
4638
8643
18587
2917
30999
1486
2008
5743
8907
8178
30130
2653
7068
6205
2925
5229
6184
7999
2141
1536
9938
13166
23288
7816
5812
1306
13165
5076
25911
10916
3232
3296
2579
13020
3896
16449
20655
12455
12029
2609
5072
3131
1506
1939
11789
703
5226
9200
9077
4240
6624
14947
17980
2938
2267
8906
2898
5331
884
2083
910
8983
1522
6013
2088
3617
22948
1548
30294
3794
3815
1948
2964
3725
4183
1051
12357
11744
24116
2038
3861
23835
4018
1868
2963
2927
36987
4146
2257
4773
11086
1982
9185
5889
2807
3810
22131
9740
5339
1441
1538
18003
14263
13362
17134
28306
831
10804
1325
12896
4703
4819
10259
7120
12941
4297
42006
2454
2689
3574
7849
9783
9753
9622
12708
6941
13715
16609
969
2445
6471
1336
6825
792
15216
7246
10145
2890
1907
10904
2939
2251
12578
3908
6006
6369
2726
7252
556
6322
13996
1512
7997
25744
2735
7612
13177
10967
8115
9352
21240
14262
34147
24120
10734
4588
40167
26332
2491
2036
5645
1013
7942
14054
1262
19068
3932
1784
6918
6457
3123
6988
4764
21156
11916
3656
2012
1207
1222
5097
7161
20854
8386
36923
3423
6487
1852
25255
17308
1129
11171
4105
24876
10286
2793
1002
1561
3322
22405
5994
693
3530
7045
8116
8667
6098
9551
23276
12088
5386
5513
3635
1605
2217
5504
1630
3810
908
8319
21805
1113
3347
7933
3476
3422
1313
7883
2493
9887
2542
22046
4696
5279
1328
11852
2391
7920
10190
10793
2889
1086
2650
5458
2406
2387
6493
4199
2519
6905
3782
26283
4805
12226
60930
1805
11252
6764
2714
11231
14821
15157
2385
7356
15187
6172
2574
3499
1750
12049
1833
11357
1109
4306
6551
65017
7719
10537
5171
5558
32169
1870
15095
4138
15086
3610
10677
6697
13120
12516
12106
11175
18505
17370
1450
1351
2007
42153
5071
4901
21355
1677
17683
9310
6242
2541
1345
14739
6129
5705
5172
33263
4384
10484
807
23318
1402
3202
517
7680
7861
8767
21528
39157
4751
31834
4552
10066
11932
9915
30252
763
5141
11016
2291
17177
2972
12944
13600
10476
13442
1395
11340
1907
2724
6429
9086
9999
3404
4701
23239
5383
20767
14093
11218
22714
1272
13935
1447
2088
5822
6377
17541
13404
5230
16689
6580
11473
4058
5616
14767
24414
1778
18806
1644
5327
2856
4825
13259
27759
4393
11794
9743
7257
1779
1896
1603
8385
3891
2842
2891
3886
15116
1978
8102
3150
5677
1413
5428
1106
3550
4077
12146
2765
916
10615
9249
12695
10234
2161
2201
1123
4794
13246
3436
664
10713
3092
11308
7611
1200
7287
1068
2572
5035
21956
9018
6217
4657
3559
4941
1816
6843
13330
1970
5056
1389
14800
11712
6587
12460
3027
3641
10728
2816
926
19041
6196
14279
21960
4897
8603
11133
1978
31919
7211
10616
12509
15381
6140
14099
1531
10466
2402
6354
2065
13808
7100
3721
6681
849
4746
10220
8587
1841
2809
13615
3946
3422
1040
1618
11233
3032
3485
2728
4693
9543
13804
7553
747
43860
957
21677
17148
4340
10581
3224
8944
2209
1519
906
1261
5808
2432
9367
9762
16298
2307
9494
6275
3019
42421
859
5626
4289
11645
1048
14839
4756
10943
3718
11307
5986
17993
7010
3217
24827
4734
1907
8973
2335
909
5119
6864
12054
1264
2086
9768
4091
626
10382
2606
3565
28979
2798
1128
12127
8666
7611
7832
2191
2803
5256
8840
12757
1125
19646
4272
7781
22211
2037
8560
4640
12932
1789
1778
20979
1637
17366
6703
20571
3100
2474
1923
15252
2337
7501
6056
15675
14275
1447
1026
5205
3143
12410
2973
17924
4229
5273
4190
3244
22492
7945
8772
4876
1132
12312
10223
4170
14500
2780
5040
6074
19235
15514
25190
731
2841
8876
7639
7477
2548
5406
4361
2030
4609
4874
42143
2093
11830
3113
23467
2354
7233
3983
33287
32320
18767
1697
2365
6385
4111
15081
17773
8663
12310
3050
865
7387
7348
34007
24088
19545
5086
4175
13414
7238
1893
8828
10275
35069
12233
1515
14492
5216
15298
3781
9096
747
2136
4168
3949
2219
12568
2272
4119
6202
4297
4337
10032
14018
33558
11729
1317
7427
9716
2244
13883
9772
6228
13667
9004
1964
2819
4369
11703
9138
5640
723
3585
1001
19554
2199
25878
5107
3019
13824
3774
10316
3275
15521
10045
17946
1938
1636
5075
4259
13956
5058
12808
5897
5605
2195
12219
1010
1943
5051
6393
10477
10224
4341
872
1920
29427
7833
10579
24949
8616
14029
4812
4173
3603
3285
18510
4251
2188
11095
11761
2488
12910
7410
7495
14193
20717
12447
34785
9570
7142
21096
6650
2620
2353
29932
592
7137
7013
3686
5909
17199
6399
13215
2264
8261
5001
4168
8838
5045
8038
14507
3519
12783
4377
944
3237
4484
6416
13861
1634
15729
6628
1500
884
2271
4471
12493
5268
1409
13326
9590
2340
5098
15068
9177
966
1902
6990
3598
37087
17684
13710
33025
1130
8848
4528
7790
4668
2914
1681
1275
33029
9477
4010
1209
10394
16896
2725
935
7054
5848
12364
17988
6656
12981
2461
4251
8334
6626
7556
3229
16647
29549
22640
10666
15219
4580
11905
6600
16241
6314
2459
21963
3647
7649
1657
6417
2824
17297
11641
1186
1916
17582
4167
9872
16609
9956
27720
30058
1583
17501
4220
21873
10120
16272
3137
18761
9212
701
6163
1482
21493
20179
3136
9312
15167
6576
24340
17270
15371
3884
21165
16152
6753
8783
2172
18186
2132
4853
7465
719
4699
14272
782
17953
2814
1384
17431
5065
5658
4322
13548
18966
1028
3170
15906
9798
6905
18865
10502
8394
676
1878
8849
9248
1072
876
3254
1617
18520
8466
9771
867
4136
10950
9896
3608
1480
8266
15383
3025
1328
3382
7799
6348
2102
21565
7435
5527
14889
7173
10911
1581
27081
17353
11804
9112
2798
10273
28534
4483
15159
6785
3117
4183
4342
1373
15188
12866
9689
6476
4899
12262
4234
3493
12086
3589
4805
9833
7078
4440
10379
4843
930
4059
6196
7357
15305
11151
7183
13819
11193
13785
5567
4938
10613
2939
4819
1558
4187
1482
3887
6626
2024
11620
1633
4312
6330
840
4637
7689
21746
5699
19572
3250
15614
4025
10778
14431
13688
7700
11221
17859
7754
8526
8532
5342
3492
6327
5890
5109
1568
8391
3556
6919
20098
13306
1974
8974
11370
3829
10270
7561
10992
7283
6071
9777
7587
13741
2843
11557
5318
8367
7662
4381
2680
2752
32971
29083
6002
21983
6049
12817
5397
10057
15927
1315
960
4830
19379
7320
11287
2968
6607
7332
1658
31545
11925
9294
2976
818
613
16319
1935
16403
1527
10316
1301
6709
8368
7890
3395
8140
4493
11267
2229
12103
6069
17512
3323
5300
3105
2744
20274
13108
3928
9809
15183
23564
4723
27059
1136
15350
3914
11251
3113
13305
12271
2063
21038
12166
2285
3136
5716
3715
2350
1345
10452
5014
1021
15025
2357
14409
8529
5096
684
537
2983
977
6666
3554
17248
15988
1968
9099
3066
8506
22573
2743
2164
7488
1975
1695
6871
7661
3873
3599
20762
27078
1342
2207
4270
612
16184
11185
2169
2173
14541
790
13169
14978
2129
1795
7062
6506
15110
8750
1731
5501
12369
11744
6596
5416
14108
2996
23225
18694
2057
7211
4904
3367
1806
27015
7188
7116
3975
34942
1240
5187
4151
9427
12953
2634
15503
1389
15554
1421
5557
4863
2652
3705
14850
4767
9583
2883
5322
2880
9148
23015
17131
3690
9612
1042
4588
5482
6510
8540
5186
3583
866
4445
41535
3737
4703
1217
37413
18553
2959
15184
4271
6142
1701
13867
13720
19809
10259
5376
1202
12033
7695
3888
8043
2468
22618
13905
673
6310
361
45620
5160
7194
17546
8293
1232
13103
31743
4408
1429
15848
9125
1895
774
2921
6999
1317
10111
5996
4853
8870
13791
2863
21933
14880
5483
6044
13777
6570
9387
9230
14759
6514
6177
6646
2565
5467
15133
9663
19538
1324
7560
13668
7717
12143
36854
16412
2011
2181
7807
4341
7152
16835
4795
503
10887
12584
6699
5027
8984
4183
27076
1434
4215
17243
5650
1355
11630
10580
1221
10961
8291
2843
1879
2656
4847
1054
8936
15619
29185
5102
3175
3143
1565
8860
9984
12332
61883
26536
1954
2261
41017
20010
6197
15756
1355
4763
3859
5399
4062
11982
3200
5119
4349
8529
4843
10103
11311
1140
2525
6210
3073
