2078
1240
780
1312
1342
961
1462
1606
1865
763
741
1401
1435
1293
1637
936
857
1604
1783
3261
1464
1741
938
726
874
1121
2036
2518
2993
2836
967
682
2427
807
3177
1418
1629
1429
1128
1117
2282
573
845
1758
1086
1744
1366
2615
1209
2870
1159
1049
2099
3571
2404
804
1223
4087
1154
3186
863
831
907
1237
1618
892
889
916
1158
1287
2062
1027
1697
937
1015
1829
3326
1878
1419
1519
1400
1870
1816
1404
1127
889
1180
2894
2954
698
2257
581
988
823
986
733
936
1355
1561
3173
1567
1215
977
1946
1191
1070
859
2565
3354
1398
1384
1601
1839
1032
1474
1519
975
1502
1286
1156
1317
1509
2160
1602
1792
1608
1633
800
1684
1697
978
1320
794
2072
1308
899
968
940
1690
1394
2261
785
763
1403
1545
2844
1766
732
1730
1777
1704
1388
997
3268
3187
1970
3073
1664
1658
978
1945
1159
1854
928
853
1182
1201
2524
1631
671
929
1405
2134
1351
1928
1636
1518
901
920
673
1361
2965
3383
609
1031
1173
1682
1033
3766
1170
946
1631
2483
1160
1311
1320
670
1902
802
725
2152
1831
1105
1686
884
2190
1626
560
1327
966
4319
1417
1061
1796
1641
815
948
1996
2095
1139
1423
2009
1137
1283
1134
2030
929
2120
1860
1456
1365
1318
2708
913
1247
1274
2175
1435
1332
1376
1501
803
670
1799
907
2397
1114
1247
1159
4566
951
1140
1954
781
1613
4969
1514
1800
1460
1166
1176
737
2860
800
1718
3450
1614
578
2368
736
969
1169
817
1685
906
1040
880
3114
1688
1833
2498
2456
3841
1349
1102
2382
973
2416
2108
1148
1135
1176
1395
1462
1343
2050
1640
2426
905
2546
2188
855
740
1114
2305
2436
1013
1306
1399
1290
2328
566
1929
936
4842
1617
3968
1576
2283
4650
1115
1209
1392
2554
933
1232
841
1530
1218
1641
1104
856
1239
2219
1839
1162
1016
1255
1275
1120
1569
1070
1554
1358
1437
2100
1051
3595
909
2749
1305
2480
1589
790
3018
1681
988
991
1263
1521
728
951
2467
2044
1068
1403
1127
1655
1058
1235
2390
1142
1316
1687
2143
1247
695
2902
3347
3165
1183
725
1782
1406
1873
2710
3095
2711
659
11746
1331
2751
1434
1632
1381
1054
1264
2134
923
3910
633
2606
964
2050
1439
1639
1982
936
824
797
2445
894
714
873
1676
987
4367
818
909
1150
987
1952
3808
1428
996
912
969
1151
6368
1268
2590
1103
1102
2370
579
1681
738
1308
2221
1442
1183
1920
605
1244
2112
2308
874
1582
2370
1393
1094
3157
1377
870
1598
753
1105
1909
713
1154
1242
1224
3716
1535
1509
1403
1116
630
1095
884
2234
3323
2865
665
956
1195
1832
1139
2281
2344
1822
2453
1009
1511
2018
980
1469
1010
1798
2278
1605
738
2006
1867
670
1320
1123
1020
1130
1435
