3392
3105
4559
10315
3892
3125
1204
4339
3341
4362
2452
17082
2695
5272
1198
1299
3114
1393
2427
2174
2543
2643
2411
2802
2226
2324
2473
1193
2167
4025
2066
1585
3555
2305
1064
2642
1428
3397
719
2045
2927
6080
2743
8135
3342
759
2025
1181
1986
8553
1926
869
1560
3830
4104
2716
3737
5292
4277
1980
1838
2529
3102
8159
725
2281
3264
1475
10294
1513
1351
2143
7600
3063
1754
1662
1068
3986
2647
1226
975
7279
2041
2167
11147
2296
3499
3211
2939
2472
1144
12404
1928
2681
2585
2156
3805
2334
3895
3348
1940
3197
2559
3383
6810
1219
2883
2124
1559
2332
6678
5658
2160
4058
984
931
4810
8276
3309
3177
3212
5605
1485
1715
1040
862
8803
3418
1696
1543
1268
980
2865
2302
4219
5907
4320
2181
2572
2632
3453
4942
4378
720
1745
2133
2381
1026
13187
6572
1182
2054
2357
1144
2848
2870
2073
1588
1260
3816
1737
3139
4212
1237
3468
854
3698
2496
1290
2022
3294
2402
2465
5827
4985
8566
1284
2323
2094
3550
3037
3753
1806
4033
1744
2068
2818
1657
4036
797
2657
1775
1869
2104
940
3844
702
2828
917
1101
3684
3545
902
5887
5583
2833
3886
11250
1054
2138
3208
1181
4832
2483
8811
2894
956
4767
3445
2563
1224
4929
2735
5430
7926
1083
2279
7177
2821
5101
7080
2127
1967
1976
3052
3576
5665
1060
3787
1597
4686
2425
3168
1910
3525
7224
11509
3046
705
1703
3615
1198
2510
901
3223
3423
4276
4084
5184
1192
3925
8045
1252
1960
4433
3302
8523
1049
4148
7339
1172
3937
3306
3586
4713
3793
3728
3120
1437
1188
1253
883
3073
1508
3122
1312
14456
2831
920
1990
7339
2302
4016
1236
2461
1369
2671
2757
6859
3122
984
1835
3315
2461
987
927
3066
1881
1142
5448
1313
3310
5142
3124
1864
1275
2224
1134
1091
3360
858
1186
5403
3759
933
2008
1515
5217
958
1693
2106
1898
1552
3554
1790
2981
2200
3325
3308
1544
2863
2889
4897
1002
2165
755
1359
2499
2347
11067
2185
1767
2971
7272
1061
5398
3195
2682
2348
1635
2186
2521
901
1164
4543
2489
2779
5297
814
1744
2507
3870
1537
7424
1246
3456
1579
867
1868
2995
2632
1157
5711
2954
3996
2318
3458
2226
1722
1021
2434
3953
1082
950
4210
1753
3257
4308
3037
1211
3684
2692
1373
4373
6303
3178
3915
2573
978
2961
2635
656
3176
4489
13019
5944
6605
894
2225
1032
2447
964
1025
4898
832
6486
1305
988
1631
1699
3053
687
2588
2346
893
971
1401
1137
2457
5039
1311
2442
3089
1288
1639
8332
892
1676
2335
869
4513
2664
6082
2004
757
4357
4709
2397
3247
4042
1273
2198
2667
3402
3741
2958
2736
2219
6224
2591
1311
3294
2159
7356
1104
1757
1078
3335
890
1183
7962
1401
8653
5255
2560
960
12923
6904
2215
844
2845
2510
2300
774
8430
1084
2597
1264
6824
8458
800
1287
1317
3900
7005
1354
1571
2826
1959
2753
5651
1209
844
3656
1241
1801
5773
3467
1093
2132
1552
2100
4511
962
3941
12367
3867
2090
1087
1406
1902
1289
3377
1062
2870
2669
2030
7528
889
3440
6396
2232
1808
3948
4667
4169
9770
3746
756
12959
6433
3733
2473
3732
3545
5418
3716
4823
3338
3856
1188
5577
1347
3695
2293
821
1995
1450
969
3148
1144
1989
1250
2710
1529
1224
12997
1005
4561
3631
2968
1731
3714
3115
1654
4943
1559
5148
3457
12839
882
1460
3232
6478
2802
3281
2824
3238
1759
2232
902
1497
1279
3650
2568
888
2679
6216
1052
2208
1567
860
2295
3382
2182
3646
1914
919
991
5243
1372
5782
966
1093
4337
5137
2007
4259
2113
3625
996
5763
1226
2825
2319
3045
7447
909
3237
7223
4311
4660
1376
2454
1420
2000
2625
943
1166
842
3238
851
1094
1782
1712
2358
2194
5264
5041
968
2150
4866
2049
1795
2127
2121
2164
2498
4981
2487
2661
1047
4031
1185
939
1513
1600
5826
2298
1213
3013
1960
2365
1219
2285
1175
4861
1175
3164
2453
4529
4203
970
1352
1975
2558
888
1136
824
5099
1133
3617
2222
4514
1471
2409
858
2423
2796
4106
1148
1563
5919
2880
814
2243
819
2562
3377
9843
5797
3781
5770
1191
1383
3960
712
3102
1295
2414
4365
3749
1038
2123
1004
1633
2985
1284
3190
4057
6831
2888
2541
1781
1614
4088
2220
2148
1187
9803
2217
1407
2676
2118
7259
1823
2882
3604
5387
2319
1527
7267
1779
1960
3999
4544
2028
7141
6527
2178
3537
3973
4481
1347
1502
1893
2193
5501
4437
2011
2355
3444
3913
1798
961
4171
866
1745
2755
1071
5020
2904
4555
4492
2357
1260
1700
3347
3514
971
10865
2214
13810
780
787
799
1074
2208
1602
1553
1850
1018
1916
779
1632
7288
1357
773
938
1611
1494
2815
2914
9055
2266
2918
8455
2314
2672
1120
2671
1256
1262
1567
1331
3967
1903
989
3795
5530
962
1154
6811
1491
976
7146
1590
1025
2501
1006
3433
5064
4264
1001
1008
1896
1850
1062
5575
1445
1428
785
3344
2222
1578
1066
1156
3745
1929
2056
2313
5169
864
1889
1072
1425
3655
748
4403
6566
4083
3773
3168
2830
9520
1321
2312
1729
3724
1521
4536
4175
5594
7484
1294
3796
1991
2614
1751
3315
3302
2019
2677
994
2304
875
1223
1560
1354
9636
2161
1338
2210
872
1907
924
1611
2421
1185
3083
2833
700
6538
2108
4842
5892
1224
6030
2684
1480
4117
1185
3501
3108
1024
6529
2517
7175
1046
1624
1440
851
1323
3229
1318
2654
7232
1715
1645
3102
3776
3344
4322
1380
1162
2951
1802
5005
4198
2617
1871
1602
1105
1779
876
4770
4664
6779
2609
1883
4069
1763
2268
1046
2194
1417
3635
10029
4595
3019
2513
2280
6208
2204
3971
1392
1415
1363
1899
3467
4257
3809
1114
1856
2299
1879
1895
2904
2328
5105
4309
920
2275
8672
4429
9433
2274
1650
1511
6170
1393
1619
1644
2878
1635
5810
6122
2623
3844
2556
6576
3383
3177
2358
2782
1124
4575
2336
2535
9283
2968
9641
3185
3802
3906
870
4862
754
1307
3222
3818
894
4199
6488
3758
1429
2748
886
2010
1674
9541
630
2551
1539
2938
4732
3532
6011
6062
5054
3150
1014
5452
4770
914
1425
4580
1652
5413
8066
793
2397
3086
3396
2841
3140
1403
2461
2604
966
3491
4100
6106
842
3550
2490
1326
939
2565
2300
5107
3056
1126
5768
6183
1609
1223
5434
4396
2130
2111
2073
1473
7940
7380
13954
1642
3005
2822
2210
2604
1510
1838
1722
1548
1592
1106
2330
3015
2009
3012
1809
3224
1370
2303
2550
4925
1000
2280
3746
8238
1565
3843
3637
1941
1497
1131
2133
4130
5464
1933
2009
2825
1427
7873
863
1410
1141
1659
3815
3471
1573
3253
1209
3109
1763
2179
1243
3272
1095
2147
6631
2365
786
1558
1263
3282
5925
2077
1967
2518
6167
2263
2470
1269
1151
1018
3853
1607
5975
4426
3439
2075
2443
1148
7229
6164
2243
1477
1754
996
4171
1952
1391
5675
2855
3279
3069
3058
1727
2979
2778
1113
2194
5088
1664
5777
1539
1641
4345
2649
3215
2951
885
1805
3259
1839
6887
1243
2755
6127
3482
2785
2683
1705
2956
3475
3519
1836
1431
1708
1161
1176
6313
962
5237
971
2988
5212
2124
3543
1471
6294
1924
1164
5489
4663
1755
3401
2130
1247
1254
1543
1782
4406
1215
1060
2329
2741
1074
1370
3236
1674
1378
2286
1344
1801
3609
3689
1443
3262
1380
1484
3601
10370
2876
941
2798
3211
4691
1496
3955
7591
1448
3574
1133
2946
2172
1278
1553
4676
3050
1568
1638
1400
4405
1567
9248
1693
1093
2790
5327
2607
1048
1608
4504
3154
1437
1701
1036
2230
785
736
5180
1201
914
839
6204
3286
1158
3170
2867
1065
5896
5000
4225
1123
2180
1007
3532
2033
2344
1615
1087
2668
2914
1624
2116
2172
4992
2649
1737
3508
1674
1608
2465
2732
1388
3051
2991
2798
5563
6114
12077
1167
4008
2744
2115
1867
4694
1572
1873
2308
2035
9435
1072
4255
2564
988
804
2403
2782
4414
4107
3749
1666
2097
3669
2223
4485
2035
5045
3996
2915
1998
3648
1048
3151
4691
2060
7192
1877
4476
4197
1976
8880
1851
2756
4305
776
865
2943
2503
2910
6670
978
4859
1493
5229
9013
1795
3307
1346
2487
3343
856
1343
1460
1685
1072
6945
3972
1575
1095
1700
9788
1073
1903
1256
1805
3500
1444
4060
1325
2546
2450
2120
2254
4261
1374
5199
3229
1543
3215
9437
7799
2221
5258
1547
5854
1066
5630
894
3160
1071
6178
3209
3561
854
2360
1477
1745
3835
5628
2828
970
1414
3734
3283
1396
1943
6518
2339
3664
3385
2121
6559
3568
4401
2797
2747
1350
2373
2021
2017
3174
3272
1188
707
1354
2717
3363
6999
2836
1557
1817
1083
4000
3875
4423
2335
2892
1784
5280
3051
1716
1709
2117
7226
1028
3385
1618
1836
997
3441
5201
1471
12389
2421
5077
7301
2806
787
3267
2383
4745
1404
4228
2593
2187
11769
5972
1849
1059
7085
3266
4444
3157
1260
1951
2784
2091
1891
909
943
1463
1771
5970
3312
2112
3506
6375
2508
6302
1311
2433
1377
5031
2510
8881
2150
3447
4458
1407
5708
4245
2306
1283
2561
4731
3137
2353
975
2602
2202
3784
4189
2057
2010
3924
1188
1790
2234
4774
5906
6209
6347
1934
1150
5819
5570
966
7166
935
8981
3627
2412
4274
1598
1761
1332
1737
1312
4824
3537
2218
4441
1510
3924
1930
2148
1644
1243
3932
724
1641
5530
875
7353
4487
1769
2204
2022
3235
3773
1259
4280
2031
2537
874
2570
3398
1293
2653
1286
7522
3679
3834
2362
1014
5245
7108
4400
1792
9698
2864
1843
4669
3274
1086
2262
1084
2206
2209
2563
6488
1665
3711
2902
2566
990
3561
1262
1354
6665
5493
6815
1623
1651
4183
3475
1999
3566
2888
11461
9961
6097
1388
1987
6328
2082
5331
1960
1317
3555
1282
2588
2196
2181
4856
2414
3424
2164
1324
5485
1397
1840
5574
3172
1198
3571
2387
4092
11008
1865
1275
3550
3567
6548
5144
8588
2349
1037
2945
2230
4569
1269
5751
915
1654
3221
3932
3214
2475
934
1365
3429
3804
1194
4642
1826
1991
1948
6370
4159
6066
2073
4755
1865
6753
891
2671
3211
6216
2207
5756
1258
7414
4415
5892
799
4676
1950
2919
2181
5262
4019
3177
1000
3390
2124
3314
2682
4056
912
710
4490
1198
8085
2749
15281
2102
9265
1649
981
2853
3711
10868
2572
2728
990
2554
3467
3641
2139
1249
3862
2204
4702
4143
5901
1871
2938
8502
3108
4817
3967
1186
10406
1392
1714
1511
2482
1030
2819
7866
6929
3339
1177
4839
1727
1465
996
3703
2468
10180
1470
6266
7281
1934
3743
4491
4193
2207
1045
2644
7650
1857
3742
1641
5684
2083
3633
1952
1212
3717
675
2060
4043
4664
10730
2559
2297
4999
1835
1588
4821
3599
1311
2292
2102
1666
3341
1051
1312
1128
7264
856
2968
1245
1535
883
1376
3234
3546
1192
4398
1649
3145
2663
2353
1108
1177
990
824
3943
2746
2065
1947
1252
1024
1492
7321
1018
3644
6034
8226
2830
858
2129
2943
1066
1347
5852
2909
6107
831
3234
2852
1162
1299
3681
2179
2961
2630
2577
2850
1157
3656
1111
3953
1629
3529
2316
8561
6544
1603
2118
3209
1412
3698
3933
1144
4375
2872
852
3764
3797
8386
876
3884
22128
1265
2218
2769
1834
817
1131
4643
2070
3811
1348
1609
2337
5271
1874
2813
2718
6661
6162
1470
5395
2837
741
4104
4570
6665
2919
3124
859
1608
2797
1185
16246
2776
1192
1684
825
3260
2644
989
1065
919
3241
7629
11363
5927
4071
1068
13542
1103
4214
1525
7952
2870
1338
1092
3891
4174
1692
4787
6473
2615
3734
798
1508
1495
3295
1693
3684
4419
989
5902
1783
2757
3274
4711
4109
2594
4914
6210
4349
1234
5570
1457
1986
1912
1512
1242
1057
6934
2036
6347
5967
1738
848
1349
3510
10712
1857
964
1420
1517
1509
962
1242
5070
13834
1062
798
1114
3121
7810
859
1895
1019
1951
1184
6864
4378
4993
1456
2403
3632
1740
2001
3337
3945
1799
5418
1863
1182
1256
1683
2054
2736
3508
1362
4099
3121
2544
4307
1585
1202
2347
2781
1142
3891
1546
6578
3340
1287
2113
873
11559
1700
1711
1151
3092
3786
2577
1919
12483
2298
2018
6897
984
1955
970
1812
3377
2464
3419
2251
3018
1708
688
6429
3289
8626
1559
1283
7606
3150
4595
4217
5235
2078
4877
9297
8580
7567
2030
2821
1952
1060
1042
1783
4900
3870
1598
1871
10135
2827
4087
1814
2154
2882
1871
980
973
4716
4005
6438
2063
1914
1935
2199
3633
3488
2640
972
2274
4637
1321
3361
1136
4890
4999
5716
2075
4695
2594
1334
2020
3893
1264
1851
4737
1649
794
1773
8106
1334
1590
3033
2425
1130
1890
5524
7470
1652
1135
1313
4988
4209
846
844
2090
6684
922
1141
711
1541
2294
935
2429
4454
1713
2000
1073
2891
3231
2324
2769
2685
1031
2339
1189
5895
1166
1546
6171
812
8765
1134
5054
5675
2089
949
4318
2092
1305
2137
5004
754
1210
2319
6597
2856
2273
2947
3475
2810
1876
1346
3151
1983
2782
2738
5175
6986
7120
1785
2606
2696
1598
1542
1573
1759
3507
1777
745
1197
1553
1995
3547
6933
7451
8660
1595
2299
4979
3763
1527
2352
1268
1249
2631
3126
2861
1981
7145
1456
4317
3671
1439
1383
3889
1586
2170
2007
4156
813
8145
3928
4612
5034
6464
1711
3607
1627
2260
2949
3246
8164
3694
6740
5676
2721
3131
13912
5001
3339
4969
1791
7248
4991
1131
2946
3991
3417
4865
3235
2381
3656
1120
3661
1068
3855
1148
2445
2038
1246
1620
1888
6816
1538
4862
1871
2280
1227
1499
1072
8710
1558
2990
2478
1530
2321
4036
2926
1641
1039
9204
1841
2855
1830
1870
1042
5668
2942
2758
1506
3815
1475
4292
1524
2647
1144
6553
8079
1374
4741
2168
7320
921
1201
2962
2128
1855
5503
1630
3138
1004
1418
1804
2922
1270
4673
9076
2817
12286
2211
1068
1309
5388
1064
4420
8314
1157
1253
1286
2663
2138
3648
2512
1165
5854
8408
2537
3200
7797
2590
5401
2568
2918
7658
946
3794
1715
5618
2012
1997
2062
2368
1772
4508
2686
911
2173
3250
1941
1640
4936
6526
1138
1315
2761
4240
5204
2622
2831
3373
9097
2530
1838
1879
1074
939
888
1317
4840
9954
1331
1287
5362
2706
1546
1663
1122
7636
1401
2319
1647
3620
1362
917
1407
1159
7549
2149
1308
7350
2272
3563
3386
3053
3328
3334
2611
5761
4804
1490
1993
1169
2391
3154
1614
1695
3950
3914
3788
2694
2076
2421
1128
1976
3598
7910
12853
700
2293
4671
715
3256
763
8176
1860
3489
1410
4726
5800
5252
2668
1345
1090
2327
1095
2249
1946
4519
2599
823
1158
6617
3921
4421
4478
1349
2337
3612
2442
3875
3622
1183
3769
4012
2219
2675
3647
6518
4205
919
1650
2886
1706
3841
2969
4018
5482
4120
2476
6014
817
3145
2302
2529
3002
5450
2290
4289
3126
4846
1127
1185
1193
1424
1051
2031
2134
6761
1049
3833
2384
1186
1612
8357
2578
2431
3649
2710
1674
3272
3631
891
6516
3582
3072
2106
2326
1104
1674
4531
9008
6324
2379
1612
1851
9752
1949
1267
5096
1172
3309
1609
4251
847
1740
1116
2073
3366
3255
996
5814
2447
729
2089
2969
2488
1324
1333
4189
3043
1467
1961
1544
832
1987
1435
3006
1504
1367
1130
1663
2848
2684
1209
1019
5762
980
2202
5741
1299
9010
4195
5670
6732
5598
2845
1006
1138
804
1428
5945
3492
1015
3326
2332
4073
886
975
3300
1569
1192
3567
906
1784
4691
1162
3775
864
3554
2768
1188
5058
6117
3971
2871
7935
9284
1478
2061
2667
5135
1474
1801
2484
882
4213
1122
2380
1031
2682
1983
1127
1595
1815
1412
2882
1275
8442
5146
1218
7672
6017
1503
6384
974
2458
771
2824
1392
3489
1193
776
1302
2636
5790
3825
2200
1450
6525
5253
5288
1179
2489
1144
1338
3205
2332
8876
6907
3704
5586
3901
2193
3032
1975
2596
8558
3918
927
2216
2130
3402
4515
4608
4608
2565
2195
1072
6821
730
1385
1841
1668
2747
7214
2923
2624
2866
1121
5871
3130
3018
14122
1330
3901
2281
2564
3121
4217
3742
4195
2056
1983
1238
3293
838
1350
2308
816
1919
2752
1754
947
1106
786
976
1144
2950
4056
1221
2287
2056
867
1937
9412
7077
728
2489
2475
6132
1942
6051
2622
1355
1567
1021
836
4544
6046
1537
3725
1480
795
1914
1303
1326
960
1228
9395
1398
3702
1131
2036
1509
2230
864
2078
2566
1970
1031
4546
1186
1813
2512
10684
1138
991
2560
3456
4892
1096
1714
1924
2691
3059
1479
5243
2917
4555
7735
1788
8029
2499
818
4726
11366
2199
2640
1706
1053
8677
1494
3605
11286
4867
1032
7264
1746
3547
3278
3149
5811
10329
8625
2178
5231
1606
3495
5960
3798
1983
9317
751
3414
985
4662
3281
1541
2294
5499
3923
2157
1704
3546
2216
3568
4052
2194
2125
1184
13750
3811
3039
943
2264
1937
5045
1738
5842
844
2836
5048
3201
1798
1234
1177
2243
10052
1377
3321
4681
1964
2933
2910
790
2577
1569
5178
2516
3460
4271
1078
1299
1909
1457
1025
2466
1268
842
1132
2449
1516
1353
5098
3041
1571
900
2523
2642
5396
977
2907
2427
959
3933
1143
5769
4299
2607
3203
787
1104
2211
1406
4402
5235
1141
1131
2672
3139
1688
4856
1578
834
5855
3047
2740
1521
7932
1860
2009
4391
1046
4923
3796
5075
10973
4243
2613
2316
2131
2212
3462
1403
2094
3193
1761
4048
1412
5109
8932
5069
5945
1085
1558
858
1840
1232
1624
6944
5439
3149
4270
864
7771
1081
1189
3057
4831
4477
2193
1430
2107
5138
3485
5822
2289
3013
2058
2826
1455
7330
3737
6986
1726
1988
1195
741
1965
2781
864
1390
1233
5140
6391
3142
4819
1486
2086
1357
3694
3763
1758
1281
2663
1891
8025
6124
5644
5268
3887
1600
2657
6740
1828
7243
1243
4765
1525
3940
2857
1005
2432
2438
4802
5860
1734
840
9539
2405
4546
1113
1810
3675
973
4015
4798
11036
788
1004
3611
10307
3507
1944
4923
1955
1651
1133
1466
1547
12633
1227
1072
2266
1764
3068
1404
8474
5015
1259
9228
2381
3371
8059
870
2567
3387
1477
1247
1525
1542
3619
1731
3574
1949
933
1070
1732
16074
924
1075
1775
1539
5662
9464
1245
909
2412
2569
1521
1265
5826
3015
3271
2436
1860
2108
3937
2277
4291
1793
2447
2401
2281
1426
2030
3421
5009
3940
3508
2914
1409
1644
3590
4644
2880
1659
3012
2512
3455
1195
5900
2965
652
8036
7789
785
7600
4491
7375
2561
2423
7841
1457
2030
1785
9224
1602
1296
720
2099
1055
1966
3936
1990
2281
7049
1099
2890
2634
3095
4107
4158
3795
7344
7328
3060
1760
1755
6001
1692
4158
1737
8718
3104
4491
3912
1969
1686
1032
3892
1475
2186
1151
4842
5711
3626
2682
1970
2096
11869
1161
1879
4855
3773
1679
904
2304
1224
9010
1110
1533
4672
9235
6776
3143
5069
1309
6433
3813
1057
3013
3519
2059
2079
6808
1122
3093
3258
818
5879
3017
939
3532
2618
2127
2853
6206
12136
5394
1034
4658
2908
4482
4009
2116
934
3357
1933
3366
1289
1234
5911
600
6330
1771
1237
5328
1387
1464
4607
2178
1078
3002
2994
2053
2967
1026
5719
2153
3843
6157
1276
768
3462
6274
2735
3576
1896
5000
8364
1925
2910
3272
2532
4614
1100
1661
6112
3670
1393
1679
2307
2630
8456
2016
962
1563
7781
4491
2032
1579
3155
1008
1579
3880
5725
1451
8340
948
3548
950
2605
8682
1542
1426
1812
2422
10268
3129
3050
971
1472
3240
1222
1298
4568
2497
3362
2181
1715
2779
2706
2194
1000
3267
1053
5713
1906
3229
1368
3230
5311
3208
8103
1393
2338
3409
1579
2391
1965
1862
6197
3909
2623
3897
1480
4166
1142
4464
5175
2007
2515
1669
1108
1371
3930
4773
4142
902
1578
3397
2323
3004
2214
2226
1878
13434
959
5536
1667
3706
4474
1978
1811
3886
6884
2615
11191
4761
2090
957
2653
4429
4661
1138
2660
4438
5589
2252
3683
1374
13721
2962
2686
1926
6384
6920
880
4572
871
3117
2482
2498
2066
1725
2459
2701
2282
5130
2040
6202
2269
1061
14923
1312
1282
4718
1150
3266
5746
7022
2558
3541
1677
2114
1453
1227
2361
977
3812
4464
877
3832
1621
1610
793
2037
993
1537
1412
1386
5482
6252
1206
1487
1826
2167
3481
2897
1524
1076
2068
1266
957
1306
7768
1641
4655
2287
1421
3603
4256
904
11034
1222
2600
1333
10466
1287
2305
6764
3651
6836
17225
3650
1590
7000
1520
2104
1090
2126
3103
7166
2906
5538
1128
2048
1841
1075
2103
924
1618
5447
3003
1141
4234
839
5888
1197
2589
6996
4141
999
6014
2259
3505
741
1117
2803
1188
4180
4258
5376
1154
4463
1722
1122
5640
3393
2618
2072
1762
3673
5743
2017
3674
1354
4475
1013
3534
2465
5501
2716
1509
4423
1830
2749
3390
1010
1973
5243
1722
2886
5968
1911
2095
3347
2556
1979
4263
5594
6629
7155
1085
1202
936
3685
1780
2503
2201
1869
2489
1038
914
1880
3315
1298
942
2358
1233
1898
1915
2748
2280
1519
2785
3256
3909
2037
1195
903
2514
3096
2696
1729
2323
7757
3787
2946
1421
1416
1011
1122
1161
1262
2817
6154
1270
932
4214
6387
7514
5715
1733
1290
7516
4098
1616
1002
3230
3862
2782
1889
7076
2032
4654
1591
3393
4678
754
4741
4326
4914
989
6892
2443
1388
1463
8352
1013
869
3657
4866
5157
6284
2280
2961
3236
1229
1498
882
8095
3275
1178
2058
767
9430
1950
928
8814
4291
3079
1807
3286
4250
3633
789
1365
9720
2078
2363
4407
1507
3622
1104
4104
4372
5502
5523
3610
4409
2419
1774
3096
1663
1877
3138
2470
2889
4698
1846
2921
2108
1233
1517
2654
1012
3716
2080
1964
5907
2546
830
7477
1301
1623
1919
6871
3062
3673
3960
954
1154
4460
1423
5659
5258
860
4770
2250
5762
3248
4159
5399
1803
1361
1604
2567
13899
7832
2032
3235
2887
863
2709
1891
1120
927
739
4381
1846
2446
1753
6431
13224
3200
2155
12433
1410
1230
1706
5906
2877
5691
2351
6339
1132
2453
1260
1149
3197
4301
4190
1379
4837
2761
1033
2125
5831
1263
1180
6522
4255
1847
1392
6006
8072
946
2762
1694
6701
12826
2938
845
5768
2305
3001
2589
3603
2595
1293
1394
4940
1057
3025
2251
1350
1633
2990
2116
1139
2112
1818
5478
2602
1737
1765
10009
6316
5093
2314
1949
2766
2274
4648
2150
3070
2846
1879
8247
1993
7141
1378
1042
2473
6409
980
2834
2424
3528
2571
2695
1742
758
1565
1452
7011
3829
1437
1096
1493
3624
4564
2173
1089
1903
2580
1047
6691
1063
4864
1654
1899
2999
1724
950
3510
1865
2105
3891
3794
1945
1707
745
3178
3328
4455
1128
805
3894
1680
5484
4705
878
10945
3617
2102
1045
1682
1321
1166
4841
1397
5508
3937
9259
1263
6144
2970
1695
2773
1081
1378
8169
1341
4261
591
1306
836
2130
2712
836
4795
967
4799
5212
2006
1398
2133
9111
2342
7792
6150
1181
1296
1355
794
2936
1367
2207
5437
931
1893
3249
972
4702
2350
1995
1042
1710
1690
1392
5226
2733
1343
2454
2117
3642
4156
1795
6601
4748
2146
1796
2066
5460
1599
12786
1546
2595
2245
1202
3248
3051
1777
1200
1181
4958
2059
2534
1978
1452
6934
1316
4869
2334
7571
3013
4715
4399
1266
1791
4419
3312
3677
8596
3337
2401
1051
852
2994
4864
919
1850
1628
3928
2268
1948
5683
2750
2031
4363
2628
2220
4742
6789
1408
3008
1036
1641
2213
2898
2632
4285
2927
3132
810
951
4745
1114
3094
6961
2275
5714
711
5246
1362
5959
2234
1325
3788
3078
1689
2674
4056
2922
893
1246
6699
3500
1999
1196
2744
1869
1861
1836
1015
1063
4483
8807
2560
3277
2088
3565
3561
2225
1655
2954
820
4866
6642
2229
9880
1740
5565
959
1796
1055
1152
3675
3103
4654
4862
1524
3033
1959
2894
4907
1695
1234
5088
4205
6553
1719
836
4351
3602
1724
3881
4052
4180
1228
7012
1483
6009
2537
2087
2010
3670
4478
4232
6836
1074
1623
1398
1544
3691
2014
2334
972
1258
5323
1024
5339
1662
2057
16855
1891
4947
3046
5256
2943
2503
1716
4569
1101
3098
2786
2176
765
1913
877
2916
1190
6723
4242
10660
1271
1289
1487
5378
2482
2348
2865
2187
1406
1482
3850
8259
1621
5598
1865
1498
2993
2893
3942
2518
2553
6095
842
4813
3067
4752
1171
3635
3934
2441
1576
2746
1106
2348
1932
2213
1571
4876
1348
8162
2237
9736
6066
4693
3841
2536
2615
1808
5828
2224
9607
1335
1812
4110
1969
3869
696
14804
9420
6004
1660
5645
2610
1225
5825
3015
1266
5182
1394
4166
6678
1319
1100
4089
3635
2281
4230
5187
4555
1162
5026
4314
3169
12649
13089
2167
2759
3081
792
2757
1122
817
1981
4921
3974
934
1037
4462
3077
2642
5853
13847
984
4571
4428
2871
1579
2881
4649
2714
2040
3759
9790
4557
9410
1920
3181
846
11755
2428
2795
1132
6415
1485
3093
6132
1664
2928
1318
4079
786
1115
7192
1761
3636
14437
1434
2364
4659
935
6867
1117
2723
1814
7136
3733
1270
1131
5262
1760
2414
3718
3532
1622
3262
1286
9157
4081
2811
3756
6262
4687
1237
4807
2483
3369
1093
1078
1048
1017
1210
1700
2143
1201
2685
6148
5226
2455
1517
2800
1500
1094
1290
5566
1616
1192
15540
2486
4998
4936
1776
3142
3612
3479
966
1319
2863
2673
4303
1599
3241
1778
2659
2877
6390
5148
2690
1145
931
1007
5203
5689
5310
2570
3256
3387
1397
1810
2042
909
5433
3590
1820
869
5582
2696
1220
3760
930
5110
2215
1431
2507
1863
2111
1978
1739
3311
5629
5458
3240
1134
2236
1723
5578
977
2184
2566
2493
3812
5909
2144
2212
1417
7008
9653
2656
2415
970
2781
2770
1139
5459
2416
3361
1313
739
1145
1891
15168
2193
1489
4141
1029
2119
2769
4166
3172
1119
6916
1200
1679
5281
1127
1113
5079
1131
3504
1162
5214
1535
4092
2525
4152
2339
2382
5850
1888
3306
6976
8381
2297
4524
11405
1473
5825
4228
2544
8036
3018
6582
6979
1073
2817
1728
775
2236
1085
2024
1538
8390
3123
3835
1794
2027
3103
1464
2080
1370
7083
4540
4733
861
1918
8465
4790
2214
3290
11814
12644
4817
4086
1289
11427
1633
8916
1192
4089
6203
6523
1965
4341
1419
3042
1201
1297
1102
4364
2627
4689
5820
982
2114
3620
4382
5138
2474
1072
3531
5660
1842
2292
3100
2156
2890
1698
1534
3189
6223
802
2064
4810
5483
1334
1443
8293
2997
1326
2453
1629
1121
1992
2628
2252
13297
2855
7289
3143
875
3608
13038
7708
1239
2339
2031
4393
4735
1481
3463
2216
3327
12105
2817
2608
3575
2313
1670
5697
2947
2698
2680
7675
2586
3849
2685
3957
1700
10497
1138
7496
4075
1794
2715
1742
1184
12376
2547
2530
1859
1717
780
8743
1365
2506
1557
2045
2901
866
5491
1004
4744
1618
5127
1090
897
2941
3229
6930
2297
4498
3514
1214
4510
4269
1005
4385
5658
3073
1122
1974
2472
1004
2514
8643
3898
2302
1041
3726
1845
7597
1598
2308
794
4196
846
4278
1802
1368
7780
3416
3221
2856
6015
5600
3718
1357
3004
1205
1146
4666
3132
1990
4888
3002
800
2464
1582
3993
6081
1093
1779
988
1084
3248
808
3586
1658
1395
2199
1033
1598
6231
1151
1879
4554
8949
2016
4821
4447
3021
3543
2359
1575
1679
2648
2482
1083
2597
7446
2536
3977
1163
1470
5933
1356
2540
1717
1450
3599
4587
1980
2650
8885
2489
993
7444
2248
4153
2442
2313
1311
1415
843
11351
5264
3262
1782
10197
1539
3031
872
1113
963
3227
1532
1112
3026
1874
1217
1211
2924
1531
2550
1067
4805
4482
981
2266
7654
1460
748
2945
3330
5912
1073
4928
6321
1051
1164
4596
2935
1612
790
1721
1261
2037
2039
4623
3743
4709
4459
3284
1024
7197
4261
4742
808
773
1612
2348
6403
2809
3223
2320
2245
3822
1747
9439
2300
4168
2024
3423
4408
4477
2582
1912
2209
9414
2685
2399
5487
4469
1160
2038
1379
2941
6734
10329
1224
1107
4744
6276
3090
10631
2628
1003
1577
1084
6717
6734
1043
2227
1306
3400
4264
5127
1730
4787
1335
2330
2797
2911
3241
3097
1649
1146
7801
4959
2395
2642
4356
1350
5675
2512
2470
7529
2806
4105
2050
1877
3788
3046
3558
1997
1814
2674
3561
7908
5758
7615
1534
4024
5185
5208
956
1667
8617
1557
6561
2645
1297
4139
1564
1964
4655
2453
3978
5632
1763
1975
2689
1887
5672
4219
1154
1727
6232
3758
1052
1550
1807
9888
5931
719
1194
2651
1997
2665
1721
1629
1133
999
2174
1314
1838
1402
6459
7689
1024
3871
5197
6741
1444
4708
1980
5018
2333
1659
868
2842
2534
1408
7474
5826
4187
2109
1824
5363
1898
1007
2569
1505
4942
1027
4097
11463
1411
2737
3164
3183
5457
5750
2604
1295
1772
1299
3301
3160
7369
6320
2325
2715
1511
3672
1987
6338
2879
5186
3630
968
1997
7353
1337
5771
3274
2220
3979
1116
1867
1331
5157
3619
6807
1482
7712
2628
1957
4985
1076
1332
4033
2052
1748
2399
8230
3347
3179
2088
1229
1723
1353
2079
3414
1235
6412
12308
1430
1585
1557
10797
4550
4201
4657
1018
5454
3720
7722
1320
1145
1412
2276
2445
2507
2712
12160
3822
2499
3477
2425
740
4721
2829
3873
3178
3494
4766
919
1092
2303
897
6246
877
798
1740
2525
1857
4483
10736
5253
5274
2770
1025
2322
1612
1084
7352
1412
2051
1164
1430
9655
971
5611
11423
4079
990
1823
3086
1472
6080
7929
2870
1347
4084
1389
2191
2635
3408
4010
3146
968
6369
2579
2892
2024
2222
1248
961
3194
3721
1284
1158
5499
1210
1688
3150
6270
4273
2171
3014
2298
2874
4812
10716
9347
2799
5277
1002
5716
4953
6131
659
3973
946
2062
3301
1845
1329
3284
6127
2956
3791
11362
2408
2750
941
755
953
2027
3029
2976
6844
5062
8309
5304
9089
2285
1784
1130
1955
3148
1323
5836
2973
1603
1521
2607
1059
2156
920
4304
1103
940
3692
2574
1862
3197
2063
3571
1666
1336
5551
4235
982
1157
4379
1264
4041
5085
1032
3084
1843
1478
5390
1090
1134
1967
4132
4479
4560
5496
6102
1051
4783
4312
4454
1123
1309
1325
1276
2459
2728
2751
1103
721
2660
2369
1016
3204
1282
3128
3461
1502
1161
1587
2928
1808
1225
1932
1864
1195
2985
1039
2770
2245
925
3311
3287
1761
984
3083
2474
3697
2123
2588
2443
1051
1712
2629
3498
2392
1827
14541
1322
1385
2049
11688
2243
1114
3027
880
973
1438
2659
2023
2617
858
4565
5920
989
2019
1819
1145
3969
1800
3869
1817
2432
3626
1164
2908
3313
7031
1967
2333
5879
4104
1600
4612
3058
4976
1288
4658
4055
1921
10146
6389
3640
2205
1579
2693
5507
3858
1993
7225
5651
2320
4297
5367
1986
1748
2191
3769
3754
2237
3481
2181
874
2253
1604
3222
4320
919
2580
1652
6852
787
1011
851
3958
1820
1239
1654
3443
1000
782
7231
1207
3132
1935
1287
1184
2491
1913
842
6517
4298
9203
5144
2567
1089
1404
2015
10067
1580
6783
2272
4945
788
651
1539
2143
638
2007
1107
1420
1661
1510
2713
2040
4041
1834
2143
953
1302
1220
3385
2132
4374
1415
1313
3599
1970
1133
2732
6183
3270
4525
929
1180
1813
1236
2503
924
1272
1055
5162
4083
4542
2265
4902
5401
6542
3848
2585
4462
3567
3772
5159
1354
4299
3855
3839
2439
6426
4764
4529
2371
2037
906
1789
3958
914
6104
3514
3101
1848
2844
4741
7614
2007
5194
1906
1122
2123
4382
672
5564
2062
1707
2019
1256
2115
2818
2075
1990
1286
2462
4055
1470
2230
4918
992
2227
2792
3200
1949
3246
8008
1953
9314
5691
1406
1457
3627
7692
2190
2125
1289
2932
8482
3264
2351
3494
4136
4774
1452
9027
1611
1364
2531
1255
1602
4987
1567
1945
4909
2887
957
4442
1368
2526
3608
1883
1125
916
3294
4392
2516
1514
2754
5086
1931
7452
2017
2028
3044
3489
5489
4793
3438
4509
5712
3573
9275
4748
1853
6497
1254
3654
880
3603
1676
10684
828
2817
5924
2493
1808
738
3620
685
1615
5352
9341
4854
1185
5140
919
1989
10053
2609
1280
2216
8271
4905
1478
1317
1498
1763
2843
4615
9766
2967
1596
854
4349
8817
2545
1173
1477
7682
1552
5349
2782
1401
1098
4661
6684
3792
1128
2486
4740
2255
3367
1603
3031
3512
1093
1713
1045
1394
4212
5275
1858
2982
2988
4499
4753
994
1024
1223
1452
5707
1742
1005
2230
1191
3744
930
2545
3624
3795
5202
1935
2828
2564
5199
1283
1449
857
1833
4630
3026
1308
5876
2718
6303
6262
2646
4735
886
5766
3055
1399
2373
3063
8332
2581
1716
5539
7112
5751
1600
4397
1261
3140
5944
3622
1388
2097
887
4811
914
3964
2272
796
1148
2424
6099
4319
6030
3427
5446
1801
1494
1993
1644
1338
870
3792
5583
6825
1814
3550
2969
2907
7685
4641
1539
874
2012
1503
1158
3262
8709
943
4081
1310
10413
779
1059
2627
3465
2719
1414
3389
4131
1004
1087
1707
1230
7317
2779
1457
1122
1674
4128
2166
8223
2562
1469
2637
4296
805
1591
4239
2464
7669
1809
1454
1615
3344
1871
5676
3457
1873
1079
9084
1338
1523
2640
922
1354
3937
1140
851
6368
5252
3988
984
2590
10904
2229
1379
7107
1860
1377
2708
4810
2238
3700
3407
2127
5338
1348
1664
2097
2474
5438
1752
1265
2252
1832
5321
1383
1660
2032
5787
975
3198
906
2222
1941
1614
906
1092
1153
1094
2039
1033
4585
2128
4952
7387
5667
3726
1794
1528
4128
6975
2026
7194
1056
2745
1182
4773
2624
3965
2651
2831
2998
2982
961
2188
5181
3305
1218
5231
2351
3552
3414
1951
6058
1629
6102
15473
2807
5980
5527
10550
3026
1694
6471
5466
3904
2352
4924
4855
1569
2113
3257
3723
6933
7020
1825
1060
2488
2295
1628
4912
4239
1684
1260
5857
4972
1090
10186
2030
4958
1930
2255
2278
2660
3213
1157
3282
4863
3811
3822
1469
753
3298
1278
5013
1496
1846
9383
4386
1799
1218
1037
2252
1199
2547
1013
7832
2604
2769
2183
1657
1191
8409
1523
717
3265
1577
3876
1723
1105
5612
6714
1593
2086
1649
4649
2527
6079
1315
785
970
3461
1101
2605
16665
2116
3616
1320
3034
840
3972
1476
3249
4090
1500
1431
6621
980
2083
2662
1901
1536
4409
2236
2579
2058
9802
1089
1379
3903
1977
2793
2017
6009
5024
3059
1264
1195
2998
948
4330
1686
1736
1033
3776
3835
1799
1036
7732
7271
1119
1944
1511
3058
1528
2806
3263
2774
3107
5157
7803
2754
5414
3834
8153
3561
3929
1156
1173
4283
3339
942
1229
3392
1145
1293
2338
1227
1129
8087
1151
4057
3881
995
3610
2030
1814
2696
3048
2848
6057
3086
1103
3341
1757
1613
3256
2552
2929
1785
4501
7081
2263
2310
1103
3476
1111
857
3286
1568
1437
5104
5604
2734
9062
5840
6163
827
4627
2183
1467
4653
3337
1334
1861
9502
8111
1316
685
4092
3115
1341
2010
1212
2274
1568
4538
1398
2650
2445
1209
3236
4622
3454
1630
1213
874
974
2496
3292
4257
1874
1360
1061
7746
1748
1701
2187
4982
779
2303
2440
2450
1179
2069
964
1065
4742
2241
5259
11490
5402
2987
11554
2759
3995
7140
1306
2944
2388
2472
2121
3140
5305
1890
1170
4542
7567
9445
2638
1482
922
5331
5118
3465
2682
3864
1787
2075
4137
1920
1400
6497
4319
1092
2269
2611
2671
4944
2663
2523
8977
3974
12386
2454
4240
2235
9913
2398
1954
4816
1314
3334
5620
891
2750
4866
2771
1319
1341
2880
1462
5416
4617
3873
2493
4134
2268
1781
3784
1540
2502
4222
1779
1299
1249
5950
991
1370
1544
1207
1453
2584
3690
8231
1835
1031
939
1117
1664
1257
8792
2579
8058
2273
1470
7801
933
1423
1114
3779
5568
4467
4727
1676
2363
1861
5004
1284
14369
1141
2378
3824
10419
5864
4059
1182
1696
2852
1566
4744
2774
6999
1163
1513
3445
811
2329
673
1655
3641
1410
4613
3386
1041
1705
1809
1419
1228
11224
1000
3451
3145
1712
3323
1384
1721
4920
935
10831
2946
1880
2239
1132
3253
4538
5525
7738
1036
2391
3760
1876
1376
3733
6090
1701
1482
2777
1341
2115
7066
1223
2148
1512
2715
1058
9091
4442
5200
3693
8513
875
3986
841
3042
1480
4216
1674
1673
5208
976
2215
1457
2122
3413
3059
7295
1973
1625
1293
2826
1610
918
4468
4501
2865
1683
1955
995
1966
4736
4276
6656
1797
3502
1926
952
3649
1059
6314
6315
3209
970
2739
3017
6053
9407
3055
4527
1250
7947
4933
1602
1954
4293
4300
2951
1291
7220
2085
1914
3964
1503
1954
7702
3898
1854
4268
3359
973
2914
1478
6370
1309
1527
4384
1087
2236
5127
1478
1171
1402
1514
1646
1129
1131
2887
5058
1030
1545
9884
4525
1127
830
13583
2853
3524
8881
1189
1386
5916
4601
8383
836
1842
3670
3438
987
1746
5137
6037
4700
3689
1309
1450
2730
1178
3259
4779
2724
2806
2461
5788
1564
4540
1878
2473
3267
1736
2076
3866
3501
1294
2047
6671
1184
1878
1993
8475
3859
3820
1087
2440
4739
2439
1059
1058
4239
1108
1270
1968
931
908
3363
2721
2418
5975
1491
4184
3719
5012
3003
1276
5783
1760
3471
2675
2583
1989
2069
7545
3626
2183
1372
1972
1019
5128
1593
1538
1893
1304
850
2166
1919
1976
6055
2241
3473
2517
3481
1366
1050
4124
8300
3829
3051
3589
2053
1371
1436
2390
1870
4406
3602
4484
2938
2163
1974
5540
1990
1613
993
3326
1334
1734
3628
1757
1430
1070
1810
3758
1683
2149
1635
7212
5011
3382
3789
1807
3213
1527
4024
1253
1416
2357
4697
1265
5696
983
1245
5272
1384
862
5203
2057
3560
888
5566
1969
1324
3925
1583
2614
1700
9107
1444
1329
915
4549
1562
1147
2172
2911
1059
11565
4166
1192
5125
1961
5270
2303
3906
7454
1040
1001
18560
986
2087
3277
1910
726
3817
2276
6763
3109
10778
1701
4404
5014
1770
2318
1920
4067
1429
1581
1300
2529
7517
908
4229
1509
1933
1004
2181
2858
2381
1789
1899
2261
1259
1205
4609
2874
2451
9701
1687
2197
1823
3691
1504
2745
1732
5623
1117
1825
14755
2733
1796
6591
1637
1090
7232
7575
4169
908
1770
3675
3929
7456
4426
2216
3886
3731
2227
2308
1191
3620
2395
3686
1306
3509
4605
4509
8499
2958
1933
7134
1566
1446
3270
1616
1825
1009
5448
17479
3405
9414
4379
8570
8110
3020
4415
4963
2122
12268
5991
4615
3056
2089
838
2283
2749
5030
5274
3540
10102
1892
1586
1016
3297
3250
1239
1412
2574
4487
4261
1729
916
3805
2517
5098
1016
1552
958
3106
1141
1753
1094
4099
3775
2982
6993
1332
3647
1738
3281
1774
1253
1356
940
1324
4292
4260
6623
2810
1504
2081
1701
1623
8181
1361
1136
5319
2874
6522
4539
5279
2017
1262
4333
973
1845
7643
1112
1724
2452
1880
885
1428
3740
2583
2389
1317
1737
5011
3726
3372
1639
2753
2189
1101
2909
1060
4288
2585
3357
2606
3206
2858
8684
3587
2409
3234
1771
3400
2674
3417
3493
4537
2399
4918
4287
5701
5470
4879
7633
697
3296
2905
5195
945
902
1722
1823
1529
6136
1383
2539
2978
4280
3146
953
1333
1230
2596
775
1114
1399
6392
1928
2017
5077
1360
4251
3376
2463
6598
1912
1841
866
2986
2685
3484
900
5319
1984
3055
1201
1790
2382
1155
1012
2373
882
2411
2143
1798
2561
2294
1674
881
861
1614
1972
2781
4212
1289
2361
2103
712
3143
1213
1007
830
1265
1109
2444
1743
5045
1089
2556
2151
1491
2399
2181
872
1297
5679
4554
2514
1192
1254
2000
1008
3710
3011
1768
2680
7431
5472
1535
3161
1159
1434
2497
718
10982
941
2459
1140
2276
2365
2714
1945
3769
5264
691
2593
1332
2368
1544
3782
4816
1923
10124
3132
1198
1477
1095
1572
2302
2397
8222
3285
2355
7281
2250
2638
3424
7944
1059
1097
1158
1219
2131
3885
4918
2702
1666
2032
2748
992
1051
1232
2282
1752
1613
2703
2916
1420
3127
2534
3677
3530
4555
1579
5226
1468
1138
1662
3526
1315
2691
4518
2371
6128
7913
4615
1874
5046
2187
4492
3142
1346
6951
2958
1001
4875
2263
952
2069
16593
1693
5090
2005
2354
15425
1074
1074
1378
2338
1826
3656
4968
939
1014
3823
2884
11741
1009
1640
3421
2094
7217
968
7946
1316
8838
2652
838
2280
943
4996
722
1713
2191
2268
2739
2142
1661
5286
2100
1607
2914
1674
1434
3020
2114
9422
1348
1417
3641
3235
1471
2590
1228
3605
4341
8477
2451
4597
3457
1110
3286
3860
1962
7372
2876
2830
5616
797
1912
6839
3078
1367
1316
1466
4209
1029
10172
966
7121
1127
7197
1945
1119
2875
1926
2343
4681
9436
3688
6143
2003
3152
5105
3060
1049
8045
1404
1064
1758
10293
8200
7822
4596
4640
12470
1884
1008
1642
1936
1051
3632
3208
1968
3916
1101
2841
6510
1633
3239
12771
1072
5641
3813
3136
869
2514
1331
852
1004
2447
954
3701
2360
2820
2731
6304
1563
2165
853
1381
2280
2260
662
11544
5882
2881
1971
1934
2306
2943
2328
5635
4470
4807
3212
1333
1759
1885
1712
1110
1111
2919
2044
2145
1277
893
2378
2472
1197
5370
3382
1764
2358
1577
1513
1459
5878
1306
2220
5003
934
2465
1033
3354
4315
1000
5167
2107
773
3223
1248
13499
1870
899
1375
1689
3538
3717
8884
1195
1326
1649
1655
3926
1036
1477
2545
1246
4102
1684
1152
2732
1709
771
1928
3990
6574
2171
2802
1420
1080
2259
1856
1002
1631
2204
1658
1800
1161
3055
1834
2547
6565
2596
7645
1988
4819
1619
1170
1733
2301
3739
6786
1575
1565
1402
8107
14840
6528
3626
4038
1003
1399
1481
6186
2511
2768
3330
1732
2453
3598
2171
2580
1681
2074
5136
5168
4695
4921
1361
3868
1350
3730
1153
5528
4020
2666
9623
4007
1517
810
1354
1993
1149
1331
2816
2947
2675
8098
750
2814
1033
854
3367
5255
1362
3498
2844
1090
853
2445
1980
1389
12688
4503
1960
4956
1504
3677
1806
1634
15965
1375
6682
7596
4231
3580
1838
1026
1515
2852
721
5547
2335
1389
2352
1562
1213
1442
2700
904
2466
2150
1111
861
2525
908
1712
2774
2197
6203
1976
1825
4830
1089
1047
3889
5368
2726
1144
6283
3407
5760
4408
791
4835
1742
9801
5254
3285
4744
5662
2017
2573
1539
1194
983
680
5614
1517
2129
2297
2884
3993
1563
5937
1749
1609
1519
2526
1507
2188
2141
7141
760
2569
1994
4044
1508
2131
931
3547
1566
1691
3147
1903
5388
1428
1938
3219
2860
5875
1663
1664
1918
3627
1891
6727
864
5916
3675
907
2925
5261
1649
2378
2665
2844
1327
916
3199
2186
1011
1808
1621
1464
1673
3378
2510
3567
4978
4029
2468
1060
5864
1464
2475
2651
5157
750
4797
2520
3425
6771
1360
3372
2297
3686
1201
2315
816
3056
2747
1351
2481
1808
3099
3552
7612
1689
2848
3160
5308
1372
865
3208
2434
6577
3694
1811
4779
2567
2818
3347
1060
3432
1817
2120
5564
2138
836
6688
4221
2945
3718
2813
836
2886
3474
3469
3521
4267
1334
2094
912
7007
7301
2350
5362
3219
2182
1730
985
4162
4729
5797
1294
6234
3064
1494
1695
1793
1659
1344
1495
2999
1097
1604
2154
1066
5540
2505
1838
1311
4890
1151
1846
1086
1314
4653
1928
10065
2485
4466
2609
768
1656
1549
955
9048
11956
8164
3733
1129
1117
4318
1388
11033
2822
1169
1958
1749
906
925
1426
5225
1902
1941
1163
1819
6601
1182
5502
1351
4200
2430
1485
2303
1117
1183
3193
3144
3564
2224
1157
1834
5485
847
4974
4958
3664
2039
1052
2941
950
4235
3596
2139
1445
3934
1098
1728
2891
3853
3762
4097
2069
5490
856
1245
4118
1134
4846
2359
3754
1960
1750
1652
2155
3309
8597
5111
2139
1971
1233
1475
1117
5636
1306
1043
2887
6919
3165
6997
5880
1871
3031
1631
5298
2108
3831
4109
3132
985
6215
2150
1762
1100
3099
4413
6035
852
1165
1081
2441
2467
4522
3307
1988
5043
4247
1906
5161
3305
7223
2790
4774
1294
2470
2567
2971
1072
933
1189
2009
4217
1651
6963
995
1014
2231
1549
1280
1960
3499
5467
1440
1009
1744
3944
1697
2575
1818
3287
5169
1674
1241
1282
2218
10183
4210
3468
5806
5208
3500
1843
809
954
6794
8113
946
5253
2599
883
2387
4822
1090
1424
2957
3600
6202
1017
4357
1699
1656
5744
1064
2466
1767
1389
1464
4502
1202
3795
7653
1795
3993
6324
1436
3892
3573
1813
1591
2282
4418
1265
5486
7463
5259
6120
2370
1206
3564
3030
3020
1044
4886
2403
1576
1019
1403
1692
1708
1673
1188
1026
4595
1298
2329
6125
2682
3728
5129
3964
3953
9201
1318
1752
980
2821
2551
2588
1939
707
1924
1390
5182
7444
8285
10717
9384
2728
1492
2161
3226
4140
1260
1904
1586
10875
4592
3472
1221
4072
1872
6157
4287
919
2522
1998
861
5280
4216
1092
2364
3089
6441
6411
2233
1225
2070
10029
10658
1098
1025
3196
1316
2187
3849
1307
839
1887
3950
6381
5724
10959
1102
1581
774
3238
1422
2346
1625
3291
3890
1113
4120
9172
9778
1546
2484
2748
1485
941
6614
2312
2722
5994
3514
825
11216
3895
4399
5190
3846
2089
2497
3787
841
6767
6900
2870
954
1113
11698
6855
4021
3627
1115
4435
8031
3353
9114
2849
3432
3718
1733
3480
1614
806
2058
5821
1268
6367
4473
3935
1034
1513
1019
3840
2101
852
4950
4224
8436
4256
9016
6587
2134
2190
7208
2372
6648
1340
947
3283
2379
4077
2794
1410
6668
3224
1226
1034
1703
5763
3707
5588
1772
6673
3584
1411
1970
1400
1185
3585
1239
1814
1158
2645
6637
1543
8148
2914
3361
3857
866
1519
4961
2989
1114
884
3221
11281
5050
3829
1094
1415
950
2107
4017
746
2706
2344
2268
1722
3199
628
2098
1384
7959
1338
2711
3572
4173
1886
4092
1086
1046
5923
1097
5541
3479
2030
5092
5808
3237
4130
6617
1096
1270
1039
2071
5883
7424
1882
8729
736
1655
4894
1690
1690
2122
1007
3849
5640
2653
4713
3243
1579
2514
8166
982
9351
1881
3733
3584
1283
2771
852
3849
3293
1887
6357
14522
4257
1529
1225
5745
1665
2366
8352
2179
1090
4100
1556
1590
3586
5332
4502
1134
4887
8712
3254
4436
1152
1503
1714
2124
1043
2050
1476
1557
7214
3404
1051
2041
3459
1860
1814
1167
5049
1094
1670
7203
2626
1670
1504
6438
11860
6721
3643
1907
1869
1556
1369
1601
6788
3659
3251
2918
2400
1398
1216
1774
842
2071
2966
795
904
955
2029
3550
809
3789
4748
4996
1371
1370
3264
981
653
1422
14391
4256
2195
2901
3679
1987
1638
940
1062
1049
4816
4408
2207
6390
2140
11882
8915
732
1959
2181
2302
2005
2308
2777
2373
6480
10605
995
2435
6903
1506
2190
724
1075
906
3008
3705
1788
4797
1499
1411
11576
3992
1140
5573
2157
6818
1552
1443
4903
1770
1426
2293
1787
1074
1442
1120
965
2200
3839
2763
1238
950
1151
860
4412
3033
1876
5944
855
2072
1522
4819
5336
3805
5433
5010
4321
4932
1463
2102
1822
3749
1024
1182
4908
1204
1884
2884
852
3174
2361
1998
5949
1005
4303
4659
3751
2102
2190
893
4846
794
1388
3765
1460
1834
1180
1857
719
3418
2489
5237
5035
6583
2906
1137
6971
3681
1863
1667
1008
11113
10517
3064
1310
4730
1239
1285
1706
10863
2676
987
5934
2427
825
3604
2665
5474
1405
3270
2963
2055
1426
1190
1549
4482
1534
1194
1952
2886
956
2042
8654
6034
3572
1798
980
3098
5222
1767
1751
2301
3026
1163
738
1453
7671
1678
3040
10923
1337
1775
2257
1924
2885
6137
4734
5588
1110
1428
1266
2489
4961
2553
2019
2796
4273
3973
2546
12470
4049
1921
2107
11232
7947
1852
1630
2032
2966
1086
1846
2490
4143
1296
1158
7284
1434
2420
3079
1019
1769
2349
2265
3547
3867
2375
2610
2758
4037
3153
2058
3136
1869
2271
3229
1285
1080
3001
8093
8710
2922
3665
6294
16896
753
1329
3426
1522
7586
6201
2651
1573
3484
3312
1621
2331
1159
1184
2164
2007
4235
3915
2837
3717
2406
5792
2569
862
3782
1095
6093
5374
1578
1008
969
4059
4659
4097
1348
5617
6491
4104
3352
3399
2617
3761
1552
1575
2521
1491
5151
7068
5975
1832
3226
1046
1475
3134
1860
5764
5690
3458
2612
1629
1983
571
918
1836
6964
1014
9134
2348
3801
1547
5696
2967
1476
9266
2236
6045
2220
2141
1082
1364
3162
7494
1714
5350
6202
2797
3122
4416
1411
7894
2031
2911
2700
3126
2790
4379
1701
2912
996
3617
1994
3500
2052
4227
1773
6609
8534
4564
1340
1425
2972
2644
7366
1719
3474
4366
6295
1191
2453
907
3622
4533
1147
4487
2376
9016
1432
5675
4774
7229
1640
809
2941
2086
1718
1306
11171
3386
1614
1042
1595
3850
1735
4975
1266
2906
3302
3753
1035
3033
1341
1983
1003
8848
1316
5267
6056
5030
3976
1927
3606
1651
1367
857
1227
1887
863
1065
1247
4226
1514
1743
2572
1713
5480
920
6122
998
1042
1439
9195
2025
3818
1051
4820
5991
3305
9198
7501
3277
812
2646
1487
976
2611
875
2874
3281
812
9753
1852
2348
1193
1652
3065
1372
1583
6146
3989
1416
21850
1738
1544
3259
2779
6767
2554
1975
8192
2294
1093
1153
2779
4397
1352
2799
8471
2488
1697
1549
1726
1798
1022
1420
5131
1329
2262
3079
4490
1772
1828
873
11039
3363
736
1301
3265
794
2962
1420
1080
1354
3894
3343
1707
2544
1598
8284
3025
1991
1656
1668
10436
974
1703
1351
3125
1410
2927
4967
1111
739
6247
1114
3428
6812
2669
790
3068
1312
5303
6883
1315
6213
3052
1017
3773
2982
1024
1252
1395
6941
3453
2194
5657
1541
4574
3855
1388
1392
1025
1312
1064
1990
1946
6171
3179
1578
1549
1716
2035
7502
7602
2032
3983
2510
2643
1059
1379
1710
4115
1416
2479
3529
2446
3703
5344
1219
5177
5673
3211
1750
1401
2744
2569
5956
6006
4921
7932
2580
6368
13831
3654
8580
1578
2020
5315
3482
7052
5747
3650
2511
1771
5177
4521
5215
1864
2715
1800
9769
3365
1816
3596
1555
1147
1672
1640
4165
3233
1081
2967
1739
2307
711
3978
3488
1950
2412
1648
1756
8842
1648
1028
3298
2301
3538
2481
3724
2974
1885
1343
5708
1999
926
1583
1309
1702
4502
1592
4198
1648
1006
2466
5027
1534
15553
1100
6169
1617
5325
2031
1085
816
2136
2390
1021
1964
1491
7832
1037
2588
1040
5215
2644
1136
1000
4011
1266
1874
2198
1948
1784
1336
2943
2661
2450
916
1315
5985
4724
5006
2374
1335
1597
2396
2272
9547
1323
5272
3920
1406
1681
1444
2361
3720
2236
1539
2258
15763
4996
4229
3301
3063
4060
2572
1452
1295
8360
1175
1410
2814
999
1299
4655
1759
4500
2669
1088
1041
4264
1282
1478
1261
5831
3325
1395
1476
1331
8555
1098
857
3559
1552
5644
5481
3816
1494
1199
856
2927
1330
6594
931
5403
2203
4274
769
1589
1173
5170
2006
1658
5436
9823
1206
4150
752
2656
2949
1054
2062
844
4324
1082
2432
2889
2049
1965
1666
2445
1092
1743
2001
2334
1827
7920
5030
10743
1520
2106
4776
4621
3068
2618
1202
1746
1243
3653
1347
6169
2476
5344
3478
2400
1893
1681
1247
834
4910
2814
3489
1388
1903
1438
12127
6589
1785
2702
7444
3164
987
3532
2104
3272
1084
2789
5010
1819
4221
1534
1364
2018
1539
3311
2945
961
1127
2578
1524
6833
5612
2919
3424
7782
1177
8528
1262
1513
15195
3296
1234
4205
1557
4458
1389
5266
936
2023
2896
6498
3035
737
5726
12969
4442
1523
4495
2568
1285
4556
1058
686
6326
2159
5793
4234
1819
2980
2770
3255
5814
4986
2013
3263
4655
3449
3926
5049
1628
2397
4701
1209
4410
2665
825
14668
5750
2608
8377
4713
4444
1945
1353
3901
3495
2400
2283
1159
1462
2186
11025
1100
1970
4465
1098
5788
6768
9125
3025
2599
1093
2525
5326
2645
4811
3019
1507
2880
11811
2704
4238
4910
2288
1809
2240
887
1926
1328
5041
2514
2096
2200
4486
1655
2348
4197
1304
1514
10301
5111
3038
1775
2111
746
633
2564
2258
6902
3466
5284
1044
6342
9572
4225
1627
2969
1514
1970
3337
4128
4551
1082
2880
3688
3590
2444
3913
2697
3040
1970
4636
4318
2332
6255
3312
4665
4175
1322
2531
1231
8763
1268
1532
1515
3273
2900
1916
2067
2960
1124
1794
935
6948
2949
1427
2607
1335
1042
3827
6890
1277
3549
938
2814
1514
1140
1637
2171
2408
3939
1065
5671
922
2329
1813
3848
2965
9029
8699
3476
2166
1128
1292
4565
4107
980
1774
1662
1197
938
3257
3798
4106
2470
1198
1165
10918
1647
3506
3308
9858
2220
1484
4529
3239
1457
2181
2922
3798
1198
2116
4756
11242
3200
1116
3345
3577
1096
1487
1163
1563
1736
934
1751
3856
2968
2391
1817
2249
1178
2809
3343
1443
4809
2866
1595
3742
1678
894
1305
2827
1878
4737
4660
2116
1587
7931
4434
873
2255
1274
926
2235
3658
3155
2097
2132
2784
1302
1167
1869
1505
12730
6855
1098
1081
2503
1883
2792
1948
1222
3760
1770
10893
7232
2167
1205
1332
1941
4015
2784
2350
1276
738
6712
6294
1766
2217
1000
2473
2044
984
1558
1896
4938
1365
1414
1177
2324
2820
5765
897
3175
3301
1569
813
6096
3285
22127
1231
1289
5180
4095
1498
2010
10178
3099
1045
1222
1474
2988
1097
1640
2441
8688
6193
2109
1949
1374
2335
1349
1341
4142
1919
2328
4780
3428
2188
912
7518
2017
1768
2340
1229
726
1650
2214
3713
1740
2962
2916
5691
1936
6871
8161
6840
4431
4390
1562
1657
1694
1070
2995
891
1593
4275
2590
1336
1971
3358
7824
2209
2554
1812
2163
4739
3289
721
1735
1298
4833
6883
907
3501
9819
11530
3255
9314
2308
1432
1441
2451
6527
2767
4294
4072
2204
1050
1086
2874
2597
3611
1900
2012
1346
3461
2411
2022
2237
1584
2380
886
1022
1388
4178
2008
1367
1002
4183
11447
882
5090
3529
2986
4199
5165
1845
989
3175
2188
1320
3631
8893
2836
1141
1977
1619
1423
2626
1528
1610
2236
8615
2065
1886
1701
2485
1714
8673
2773
4346
2557
1938
2770
1750
998
3141
2244
5202
973
2513
4036
2950
1374
1800
4858
5166
2627
1059
1378
1258
1582
5987
2651
1257
3808
2877
1445
2531
1552
5339
1292
4964
2657
2246
915
5219
2320
944
1458
6678
1032
3912
3090
1015
1946
2617
4293
5622
1611
4227
3364
2091
2728
1415
927
1869
1881
1052
5277
3337
1585
1648
2154
10948
4495
4274
5511
2907
2249
2269
2996
1900
4901
7867
6638
1473
930
3241
1031
1210
2270
972
4197
6195
6634
4610
5393
1114
5456
8553
5118
1979
5673
3071
1609
1237
2843
1680
918
1141
1405
2702
789
4707
2295
1267
4382
1295
2767
2273
4170
3820
4085
1257
2344
2021
1064
1346
2571
3374
2452
3888
4269
2985
5341
6321
3070
4064
3242
3933
1884
6637
2571
1225
2864
7772
2784
2672
5328
1708
1008
4876
1948
2021
2566
2121
7564
4763
1337
5211
5535
3190
1433
1067
2093
1211
1631
4312
5954
4840
4386
1533
1208
1487
1597
1925
4352
2563
3052
985
4747
2713
2058
1270
1006
4419
1214
1027
2630
5182
1337
2227
1537
1761
1279
1304
2566
3674
1921
2731
887
5859
1322
7709
3348
6615
4680
1563
8173
7068
1314
4335
1450
1830
1484
1256
1957
8372
7042
2634
2523
2414
948
2895
1361
1715
1664
820
1165
2188
1127
1251
4145
3432
1662
10550
4047
1310
6705
5895
3153
1251
1632
2798
1557
1541
2090
1970
1091
2934
2438
1936
1069
4377
1862
3847
2833
2023
1687
1076
1713
3673
2006
2177
3584
2129
2174
3534
1874
2871
4757
6239
1602
5000
1105
1516
4853
5358
976
3516
10688
1041
4019
2708
1443
11689
3427
1125
6512
2004
5121
7644
2116
4377
1625
908
9661
645
3191
1342
2238
1989
3616
1635
902
2208
1909
3547
2868
3112
1584
5255
1540
1644
2556
4923
6722
695
1645
1065
4013
1439
2937
2017
4472
5305
1223
5667
1542
3795
5136
4519
2363
1745
4337
1262
1372
2064
7850
1418
2681
1832
3779
5418
15734
1614
3065
5400
1034
1230
2543
2350
6107
2264
1133
2627
12396
12485
3795
3394
1552
1169
1998
2159
1841
1407
3745
804
1149
2698
2565
2575
1414
2169
4159
4708
4006
1901
1164
2321
680
1671
2195
798
1030
5546
1323
2228
2625
4027
3235
2472
4357
2700
1435
6044
2168
3143
1090
773
1057
10248
1241
2211
2395
1397
2193
1524
2565
1535
1406
1781
3674
4789
1573
7022
912
2702
2072
1381
1760
5151
3662
2002
1211
987
2711
2833
4898
3943
797
2860
4787
3291
2141
3788
2905
3787
4162
1170
1032
1329
697
951
5844
965
2923
1951
5052
1880
730
2822
2230
1297
2120
2321
914
2425
5545
2423
4323
1218
1021
1142
1667
11231
5820
1441
4104
1111
4230
1172
2101
2674
6144
2012
4929
7549
1641
4092
1624
2261
7212
4169
5296
1593
8017
4422
7316
7445
2627
4239
3067
1620
1923
11643
1344
6494
2767
1323
3380
2762
1928
2349
2742
6679
2260
1435
3791
4344
985
2611
1633
4340
4988
7782
4463
1356
3716
3647
10568
946
2524
1366
943
1627
2479
6695
6737
1798
1149
8123
1761
10085
3566
6348
5169
1583
2607
1268
1978
3980
868
2560
861
1187
1338
866
1793
3426
8395
1145
1559
3403
934
2274
2525
1696
1070
1318
1460
2787
2110
6315
2342
1551
2222
6811
4264
1844
3499
1658
2101
4279
4880
2340
2062
1983
1269
1174
5167
1419
3648
1522
2269
2364
678
1163
4504
4348
3290
3296
1037
7324
839
5895
7221
1856
1537
3559
5205
7547
1122
1778
2396
959
2973
2217
6264
1529
1172
2490
960
2016
4420
2130
1482
2210
6623
1297
1590
1103
3274
4170
1809
5519
2793
2589
896
2120
11563
3867
4682
4689
2275
1957
2334
1853
934
3394
1086
14729
1157
5738
4613
1543
1546
9267
1839
3565
702
1331
8266
6446
947
3180
1576
6315
989
3139
1371
3189
1092
2380
2020
3063
1257
1451
4007
2153
1211
2100
1555
7188
8175
2807
783
1068
1771
3062
1060
2005
9623
5848
1848
1296
3550
1980
6051
9699
5255
8715
7886
7282
7664
950
1847
1003
997
2670
5382
7043
2825
4739
3375
1864
800
1891
2517
3686
2587
1320
1464
1204
4202
8572
1860
1033
2210
1927
3885
2666
15544
760
1249
7881
1784
4301
1495
2259
3474
5294
5434
2864
4313
3901
5772
1273
6338
5289
5955
1341
2863
4717
1057
4437
3325
7590
1316
991
1627
4507
4365
5342
2241
1013
7529
5214
1894
1339
1157
7800
2507
2149
2078
1118
3707
1352
3057
2636
5526
1573
2407
2176
997
947
1449
1457
2665
1515
3423
2340
8407
948
6495
8458
4120
3082
2541
1959
5952
2110
5273
3032
1455
7461
7702
8882
2787
1985
1502
2336
3588
1913
1106
1718
826
874
2231
6214
1584
1624
937
2462
2754
3300
3117
1586
3239
5610
3140
1453
1488
2302
1460
1147
6607
2194
5518
3696
1927
4718
4827
3571
1176
2266
6329
1963
1784
6202
3074
3218
16435
1967
5777
7587
792
4738
1449
883
1658
1456
810
2985
2350
4658
4092
1377
2625
1157
1196
1545
1746
1363
2135
2920
2272
2395
1708
9995
3196
1989
1897
4136
3244
1208
862
3634
5539
1536
2248
5990
2116
5498
748
2670
1982
1304
1917
3806
9062
1686
1482
22007
1783
2060
910
1687
3182
4839
5543
2175
786
8400
2711
16000
1844
5667
3264
961
1807
5458
1933
1068
1069
1767
2778
6711
3881
2235
1903
8011
2206
1562
1864
1725
3797
4589
5187
3243
12107
2156
2129
2347
1991
3206
3588
4038
1603
6780
1542
5158
1605
2225
2938
1114
1252
3483
1402
954
1606
1257
1156
2032
2218
940
4542
5056
1495
1907
1716
5098
1144
1606
1735
1795
3215
1268
935
1235
2656
1598
6267
3681
1301
6112
3149
1492
1459
2476
3479
2850
8798
8228
1848
1024
6011
2285
3208
1780
4279
861
1962
1063
3157
5326
1157
7414
729
1044
1818
3841
2437
3231
1850
2420
1497
1390
1566
5486
1296
1707
2483
1700
1096
624
1854
1741
7852
1110
8038
2896
5627
829
1453
3651
1154
3581
2499
3955
2660
2675
12087
2062
1808
16047
3161
7967
2290
2005
1720
2244
3752
2547
1484
1271
2544
4042
3159
5202
11082
1911
1466
2185
2372
1231
885
871
3636
2583
2390
6939
1244
7588
1790
7192
2474
1935
4287
2720
6466
2991
1026
2975
3465
2862
2373
2731
4589
1389
1768
2999
1885
1477
3173
3140
2525
1139
1779
1695
1347
2456
1251
2754
1492
1394
2895
1476
9664
5801
2496
3676
5944
4429
6386
1468
753
1950
1020
612
1751
4389
1097
1739
8608
4881
2234
2772
5589
5769
3007
9023
6985
6139
867
4173
2107
3529
1080
3192
920
1462
6566
961
6681
9879
5532
8310
1684
3454
2642
6306
1595
2891
3815
4242
945
2277
1251
1695
4927
2606
3198
2369
1041
1504
6938
3126
3869
4411
1657
1935
1140
1011
4833
1755
4568
2390
5667
2128
5660
1634
8190
1653
5434
6298
2034
2628
7700
2375
7234
2643
1552
2009
6245
3890
1188
768
1686
4035
5526
1106
7472
4495
2803
4163
1675
3792
1595
847
3200
1693
9585
1132
1047
3341
5594
1603
1239
1764
7340
950
1414
4984
2312
1696
4357
831
1417
2400
2110
1435
4941
2464
2705
2356
990
1929
6182
1687
2823
3105
3007
1174
1760
1572
2621
1937
982
2301
1109
3480
993
4827
1247
1875
5803
1775
2368
1663
2967
1663
12931
781
3060
1043
1700
1548
7613
8966
4053
1140
1829
3332
3170
3098
2676
4828
2370
5592
1121
1819
2387
1513
2410
4091
1232
2157
1750
3765
1724
4370
1803
3259
7191
3995
8281
6859
4377
2135
1441
2426
4147
1163
1503
1542
1945
1199
1299
1872
3753
1263
6182
8914
1528
2069
7565
2403
1046
1609
2866
5302
940
2470
5642
1368
6130
1015
3144
3336
5487
6620
5127
4454
973
2251
1306
1160
6000
1299
2859
2616
1364
898
6411
1573
1982
2757
4412
4894
2158
1270
3072
1723
3325
6362
1388
3416
7321
825
12161
5678
4305
3183
2176
2833
2749
8323
3151
2395
4395
1050
1830
1588
3458
1638
1366
2748
1131
2308
6657
3259
1588
1053
2045
739
2410
4643
4094
6553
1506
2599
1860
2160
7801
4721
3371
6125
1165
6334
1179
5959
2225
1580
2959
1642
1669
7688
1699
5481
2760
874
1961
1832
1438
1285
2838
3506
7781
3354
4296
1162
13114
876
5016
2978
1722
2764
5130
1988
1019
2136
930
3187
1599
1211
2747
1198
1131
951
3679
6963
2203
1304
7322
2237
1493
972
6602
1380
1267
1711
2076
5653
1670
5738
4362
8876
2283
2793
1056
3903
2563
2021
3220
2048
2813
3137
2107
2257
5184
2780
1237
1558
2880
5793
2706
2440
6421
1966
1325
2500
3783
2980
3301
3715
3600
2250
1832
6433
2429
1121
1842
8723
3179
1626
3619
1765
1681
2439
5259
2000
3049
7404
1214
2272
2765
1920
1050
2682
2659
2428
4255
2353
3799
5663
1005
1232
5637
704
3912
8138
1421
3968
1204
2587
2724
1155
6925
3504
1641
1928
3167
2633
1595
1158
3397
1890
1058
4305
1777
4336
1228
1697
1243
1626
1113
2225
740
1512
6119
5557
5427
1127
5538
1675
2927
3809
2736
2000
2004
1100
1579
1473
7472
1298
973
3207
2870
3491
2089
1778
4042
2492
808
778
3482
2187
1253
5662
2634
5573
1860
4070
13778
825
1363
2664
1885
2066
2000
1455
3863
1803
2605
4339
1646
1537
5109
6257
5487
940
1216
1994
2262
821
7949
2127
2155
1628
2394
1406
4357
3171
4227
4883
5222
2513
4561
2153
4164
3861
5822
3811
2324
1901
8636
3596
2378
3500
1291
1535
2212
1619
1533
2705
3212
932
1147
5094
4406
4605
2213
2302
2390
2277
4656
3402
7356
3508
1015
3022
6296
1337
3138
5148
2516
5905
2104
2343
5270
2572
6007
2731
2482
1241
2670
944
7978
1323
4828
3090
4931
1023
2937
944
12447
3271
1056
1409
3014
1255
2974
4105
2881
3535
1980
1889
1973
905
2864
1277
2616
1684
4784
5192
1341
8019
1294
2096
935
1455
1572
2066
5669
3123
1287
2812
1485
1082
3781
1269
3851
3339
3319
1466
1877
1945
750
4024
3185
2914
4963
1912
1912
1792
6008
1263
7429
4900
2382
2352
4788
2054
4647
9226
835
5120
1934
5074
3916
6275
2303
1038
1050
836
2293
1288
1140
4570
3369
1831
2014
1788
2244
3463
3544
1617
1007
3129
1653
1189
1913
2387
2034
3875
