474
1041
1092
824
1605
1384
1497
860
560
1218
773
1260
700
664
2144
983
728
971
1090
646
957
939
722
1072
795
588
1120
1018
1151
690
962
921
1272
1290
1010
1224
978
1017
746
766
1455
925
615
902
922
754
725
600
1086
1046
1314
866
996
836
1020
899
1184
1558
831
720
918
1237
818
885
666
606
744
813
1130
597
1318
657
829
1452
757
917
745
668
1736
1153
1200
515
803
1686
812
3212
681
1611
1006
1216
843
865
815
1185
745
1099
860
1078
642
814
845
922
902
1586
603
546
973
1308
767
832
1130
1415
886
779
1481
537
535
568
1724
944
932
533
1046
1701
693
900
790
1100
1358
1544
1040
814
655
864
759
1192
757
699
1475
558
1030
683
1105
937
579
894
806
714
743
1544
1221
849
630
652
843
912
2315
837
1083
1443
583
713
635
1007
785
2359
748
1701
704
954
1017
1315
754
1945
828
1333
992
575
839
868
860
904
1024
807
804
1360
1061
442
761
784
647
745
893
602
662
762
1212
1017
1596
832
1263
652
901
650
762
1326
952
972
445
1051
861
1226
1160
804
1009
741
672
1879
1276
1484
1417
542
975
707
1015
2417
518
1951
781
669
1126
742
1200
611
792
726
544
932
847
1110
1090
521
615
802
631
787
1010
864
1042
1249
835
803
798
1005
800
569
1021
1013
725
724
493
1432
507
823
1270
1020
1401
1682
978
723
941
931
586
963
806
1183
1178
2110
681
824
982
1946
532
1110
720
613
691
655
1446
756
1080
711
901
667
669
1277
1815
1827
611
965
919
1679
1556
404
1654
1507
742
758
886
733
1614
1089
482
1975
1056
1282
724
1070
884
688
1050
972
714
825
1255
623
1482
632
933
858
921
842
1257
1715
1781
582
763
362
1083
630
726
1050
639
571
1066
1272
791
630
704
1149
1058
1301
1293
949
1048
893
682
1138
1436
671
707
780
1470
784
1529
740
698
667
1226
1169
749
708
586
892
573
838
685
803
632
1378
714
950
848
801
616
1133
1944
919
1006
577
781
948
577
1121
691
702
825
704
832
1367
1007
597
1618
1342
820
752
1163
1041
1110
1253
1203
714
1452
660
733
845
787
1027
511
602
763
887
774
579
729
1172
829
782
737
766
897
930
544
1142
1932
520
957
1166
1349
1119
1106
718
868
1354
551
1032
1094
971
724
990
719
483
968
941
1017
795
823
796
1191
1310
744
651
1590
766
1045
668
699
613
803
593
1409
780
930
913
505
641
1652
1593
762
740
1474
753
1459
886
932
845
840
1322
767
1355
659
720
1489
574
1204
736
588
888
1155
1451
899
816
1183
945
831
1077
765
718
1075
904
869
1078
653
1126
619
748
949
850
871
880
983
764
616
663
638
683
1618
844
1966
520
1781
509
716
720
1722
1369
1601
541
1899
1852
1175
1401
701
699
835
719
1158
904
748
1029
528
923
949
1165
1428
1171
1783
2700
718
1241
1026
597
1081
744
586
887
654
1376
786
1015
668
1462
1195
1738
668
1208
843
1263
666
941
1018
706
1091
654
834
810
859
951
720
1433
749
1078
1183
1327
1436
717
978
886
570
585
764
908
1027
653
661
982
1789
1068
694
746
1482
931
1004
607
1204
933
589
881
961
801
1100
925
841
1090
1478
949
1014
712
506
1364
761
1268
1842
1016
703
1275
872
741
1155
848
1438
2221
717
689
1139
907
592
814
926
766
501
561
592
942
516
667
1060
696
1232
1242
688
627
781
1056
643
662
706
835
1033
583
808
923
938
743
572
849
539
1100
921
565
2256
1104
707
511
649
912
714
1040
654
1016
964
1109
1239
725
1163
890
1190
761
706
750
551
1275
925
643
1051
630
697
945
898
930
920
1514
1757
676
949
1016
730
1291
1202
817
822
1141
606
699
1130
656
1075
951
630
620
749
914
1177
633
1070
883
822
751
881
652
995
861
1195
640
1252
875
590
592
1138
1427
779
1224
1109
1287
619
915
1638
796
1401
565
1470
647
1276
654
1202
1040
1078
936
722
869
925
1147
1114
703
574
494
456
977
812
1436
996
819
600
2395
1291
779
910
1451
805
575
815
735
862
821
1004
450
731
699
715
673
999
1176
645
537
1447
934
750
1079
937
781
772
836
543
735
942
849
567
740
1065
1092
1232
679
1421
1043
806
1357
2106
1126
817
808
891
1250
1279
610
1209
723
853
1249
1235
713
1347
1906
764
1150
1034
1219
1372
1071
502
797
1077
491
832
554
953
1135
916
983
1152
816
522
743
1050
638
851
905
1185
661
972
801
670
811
1202
433
705
723
1459
740
895
951
757
1429
745
573
661
709
2183
674
1026
1109
988
736
1958
546
1734
802
699
1550
840
467
1045
1221
1175
565
1302
665
832
861
659
1256
856
654
1669
757
1578
1311
877
491
2987
506
2416
738
860
560
998
1738
1035
1079
737
480
974
655
989
1071
575
595
700
926
552
900
597
973
554
886
978
965
972
637
643
833
1457
1286
1162
794
1507
1325
1683
687
1610
742
596
788
1462
1040
970
974
601
546
675
1386
857
659
824
914
796
669
646
944
1006
741
836
1266
745
702
818
927
585
1434
2497
895
780
916
614
482
982
1970
1494
759
573
1058
813
1375
1870
627
690
709
598
1344
610
1352
1343
656
572
742
674
527
792
592
972
1267
883
763
1359
709
600
1286
1475
1179
712
655
926
730
1071
618
606
723
862
951
703
1403
593
747
692
907
1224
1068
817
654
629
798
1333
865
1659
1080
777
889
640
522
915
799
684
838
976
574
1612
611
864
1474
715
861
1561
778
618
836
898
629
796
608
898
923
685
702
910
986
1422
625
674
721
413
650
1164
594
2052
839
1066
768
1127
927
713
825
771
850
1404
841
1044
869
973
859
523
766
1519
962
659
897
796
498
914
664
1899
694
931
726
1486
991
1955
827
1022
616
812
963
762
1305
647
1926
1047
644
945
873
784
1232
720
838
1577
628
1037
622
547
1033
773
1031
771
1547
850
1440
1262
577
1105
1302
1041
535
1179
775
1059
1082
734
680
1224
1191
786
1053
566
1418
586
640
680
1222
700
835
812
631
607
1137
555
722
892
1730
727
709
658
865
473
1126
832
1375
693
1383
700
790
1045
629
954
827
1150
1360
732
1001
799
696
550
733
1346
621
563
856
2432
986
692
962
621
802
1690
651
732
627
1753
1026
1172
822
697
1362
770
676
684
853
831
1430
904
934
1298
855
782
1007
1232
995
819
584
991
1033
1332
574
1542
979
1267
585
522
801
2144
1900
554
826
393
1256
1273
1186
1641
1155
968
1101
711
967
1678
1221
640
1646
1013
609
971
1758
1831
1502
1167
712
1038
926
943
905
759
772
764
1461
762
535
739
941
990
1069
991
2482
723
786
1324
597
464
688
737
536
842
1362
765
779
726
669
732
629
2463
1536
717
910
1079
1275
832
1218
1549
1327
1379
490
1245
873
1487
2784
886
533
892
694
1033
631
620
534
690
700
861
904
1231
1187
504
691
775
687
1073
958
956
684
587
916
633
806
740
1024
943
652
625
828
498
1330
936
878
668
672
841
738
575
676
726
1118
1261
891
650
1188
780
653
651
822
855
642
1341
1616
849
852
907
2757
1320
785
1468
899
458
1720
1889
692
1411
1918
771
667
1360
1023
690
2394
518
743
1291
830
1420
544
1416
2535
760
736
947
481
654
1556
1065
459
725
920
754
883
931
1301
862
1881
757
806
647
643
1095
553
715
1004
808
802
953
981
1351
583
1054
645
751
1018
1144
766
839
671
1001
651
669
1050
1325
906
1581
922
838
1732
738
448
1424
432
937
585
1312
953
1063
768
1441
872
559
555
725
661
712
887
570
1294
850
1116
1299
840
887
753
1037
2085
704
1617
845
527
651
1102
971
708
597
843
1075
1036
1094
1240
754
1401
828
587
1030
1121
809
593
1100
981
537
944
873
2365
1089
1338
652
617
792
1384
667
1396
717
979
856
750
1038
662
849
764
531
678
620
947
1066
1051
973
533
2025
1410
869
1058
953
516
753
819
1295
1090
1071
605
756
716
842
922
847
698
763
823
1285
651
676
1061
1127
649
1346
668
986
886
985
831
850
1283
624
905
1339
933
940
1220
662
773
621
1030
668
1139
1777
736
966
1073
754
642
693
1312
706
1112
942
1268
951
1870
1721
858
992
1944
833
1040
743
855
886
535
895
986
658
706
1224
767
938
622
633
705
861
571
518
541
830
636
829
390
611
771
2365
1886
708
997
1397
636
692
1419
1370
909
595
540
530
788
1279
658
1188
754
2193
729
1064
526
823
799
1002
1459
2104
962
887
626
734
1235
645
1542
756
950
1379
609
1716
720
1330
1465
698
2183
664
726
910
834
1494
1784
687
1239
723
829
789
994
1146
795
845
728
656
620
743
768
835
887
884
760
725
670
1149
906
806
977
2222
855
735
1541
1026
1148
557
1442
663
1231
1520
739
1102
945
732
902
814
694
816
795
645
713
815
826
536
619
648
2435
533
1091
866
877
877
720
2174
808
1580
557
715
804
915
1641
778
795
603
614
715
1103
664
624
866
880
846
1656
717
837
633
908
799
805
745
1319
1370
1996
950
735
906
801
1061
608
622
1359
1419
1259
755
808
982
609
1332
1988
522
900
1445
504
917
645
893
785
1017
1241
958
614
732
552
1021
668
778
1569
615
1641
847
587
1707
624
995
1474
1217
973
709
627
972
752
941
1376
820
834
1277
1078
622
920
1005
736
652
1010
1363
711
541
1158
1052
1057
811
636
480
1129
1766
1521
778
913
657
580
982
721
741
692
706
1130
980
1257
928
1004
1070
830
1214
670
836
753
817
866
812
878
1004
844
826
722
1359
698
877
829
575
869
864
914
553
1550
774
1448
691
722
799
649
668
706
696
909
816
1157
865
1032
1758
676
654
915
968
1164
1042
1139
993
811
1080
630
789
1083
1227
590
779
607
1056
1644
1079
1638
1672
731
988
893
689
1063
666
905
1225
609
933
1021
1429
763
984
954
603
1914
626
688
992
2404
1111
719
797
909
1315
631
652
647
1226
801
1352
548
1000
638
767
854
758
1432
978
950
523
663
1292
1195
682
820
1337
605
1113
586
585
719
772
774
1406
691
710
616
785
723
633
1081
721
753
1065
1091
935
1015
1432
862
1404
605
756
856
1477
2118
905
847
855
1536
730
848
776
845
640
959
966
1012
842
1728
1107
900
702
592
1042
1019
781
821
726
682
673
787
619
1898
1301
734
785
1452
1017
1224
837
597
613
2292
790
1208
586
1108
730
895
679
1187
612
636
573
1460
578
571
1423
1159
1163
797
706
1460
607
926
1570
1476
749
973
864
1158
534
560
1173
723
679
727
951
800
886
1214
1069
886
821
611
1293
1586
441
648
720
1150
952
1027
591
800
623
529
1373
1271
913
781
641
533
990
1631
1341
1054
685
676
969
608
1253
672
536
549
923
960
1065
725
1348
773
732
1053
1231
1179
642
766
1181
837
1064
895
1032
1138
612
1181
912
881
559
1252
2010
908
729
530
926
1118
755
900
904
714
740
737
714
678
584
701
698
838
718
1342
871
739
900
649
1673
962
932
461
1575
756
904
862
726
808
561
1626
1119
864
984
657
721
605
843
1137
1727
1018
724
640
728
922
853
653
657
722
706
709
552
604
1123
720
634
825
1223
580
1017
625
1192
689
1489
857
1089
1589
601
705
1200
673
1230
1253
823
676
600
1146
637
596
556
725
725
683
756
665
807
703
1232
1084
653
718
610
729
808
632
719
989
789
866
561
829
1230
611
775
1245
1139
1635
785
672
749
1289
732
1404
782
887
707
1773
849
758
693
832
899
1679
1087
983
1343
924
726
756
757
837
1804
591
558
507
1096
1291
672
680
1510
1221
837
1493
1092
762
1076
1090
943
1223
1202
739
1051
1275
1751
676
1098
768
603
1314
786
1117
912
651
1029
733
638
793
550
979
714
739
745
874
533
655
626
971
991
1079
818
566
986
738
1080
1034
1050
759
703
1054
775
1250
1284
865
854
1347
1160
1219
722
789
785
647
1750
841
2195
784
890
1388
740
824
740
1213
789
1810
650
932
1200
733
1547
1923
753
1297
863
1146
1379
803
1356
950
762
1002
781
905
696
669
1412
1374
884
1400
1073
797
1065
1236
796
728
594
1662
1356
728
896
1120
449
1259
1148
1124
752
1023
1663
1094
680
731
824
757
1040
1338
1153
1021
721
839
1155
1202
1125
1218
789
1127
946
1532
827
1078
524
1475
901
731
757
885
768
487
1582
560
1079
854
980
643
838
855
999
707
865
909
760
626
598
707
1020
2275
1053
953
2425
998
879
787
822
1762
736
837
1522
649
1907
2622
1002
2974
968
891
953
598
1684
748
721
1135
791
1424
771
849
547
2393
837
1135
604
582
710
1014
1073
607
865
846
1137
558
973
567
673
1301
744
921
776
732
1466
1158
854
683
880
1067
2218
591
1496
557
1142
830
884
1036
461
1027
920
672
867
668
531
695
775
578
1999
873
1156
861
985
708
994
1058
492
477
640
647
701
884
805
716
836
1273
570
985
649
871
665
684
541
1149
965
813
623
714
990
1149
1124
772
708
975
1150
715
946
516
905
695
884
1256
1191
783
964
577
648
799
943
1025
784
644
766
1424
1092
779
1810
980
751
959
545
561
822
1389
719
1371
675
691
701
569
804
689
908
673
843
1247
1003
1046
587
726
866
1440
554
738
897
556
1479
804
718
857
651
1047
634
672
1464
1099
1171
1630
685
1130
970
775
574
1049
993
507
672
550
866
665
730
618
1103
721
918
1592
960
1946
2090
762
1271
857
623
963
881
851
650
700
1027
936
3248
919
693
802
759
961
900
764
874
588
1282
640
631
1754
656
675
852
1103
1094
526
763
615
626
771
1464
918
567
837
740
659
1322
874
581
1558
587
855
681
1949
683
918
1244
947
2444
1364
1088
649
805
1020
823
1298
653
702
840
905
560
627
740
824
782
672
584
961
609
712
748
500
825
1421
866
890
897
840
1214
692
613
1055
651
1120
1244
989
587
817
1220
2164
1034
627
1105
999
770
961
699
1485
1077
932
996
1123
907
1046
793
831
612
985
584
1433
1033
801
966
830
789
638
696
744
708
1119
1089
894
1161
916
715
1142
984
1230
769
1383
787
2634
839
722
611
468
1161
699
793
710
2764
1150
755
781
810
1491
2215
789
849
699
2658
869
943
650
1558
696
1351
1037
1052
1052
1595
1381
593
1012
727
1479
678
455
1286
754
2001
662
1034
1721
563
1464
1169
674
671
602
977
889
698
1022
655
639
987
880
1539
940
1027
1085
757
621
635
1379
475
936
901
655
1537
534
684
584
902
794
571
986
469
1033
2298
644
990
772
771
646
1088
982
727
926
1058
1766
831
530
1436
738
1828
701
1193
1213
578
767
1135
1891
677
674
681
747
771
630
672
1156
654
925
628
1225
825
791
2154
1524
900
1152
594
1076
988
1116
673
642
569
580
977
1433
753
1006
839
1285
654
859
1881
749
752
668
1170
614
1536
906
942
872
678
735
687
947
691
507
833
1010
730
882
1032
977
814
820
605
644
614
844
771
719
686
848
906
1170
1554
618
1039
736
1081
1115
509
701
1704
647
958
1131
1030
1036
735
1050
884
586
994
669
649
739
1085
734
526
639
833
1300
862
1253
712
797
736
884
1018
880
665
659
690
784
1227
730
631
1076
789
952
823
663
1413
843
644
749
1990
849
744
659
587
620
1251
756
696
924
1540
584
707
1334
681
1068
767
785
994
968
616
772
1391
1113
726
619
742
1032
709
555
697
800
1276
669
1543
1077
1475
581
851
790
643
726
914
1193
1760
1447
675
1038
483
955
1757
627
1350
758
934
902
1004
655
1188
1301
860
1383
886
709
739
749
738
691
743
1377
833
858
779
987
584
1545
690
872
915
544
1134
933
698
851
585
2164
2341
765
512
1010
701
1315
1257
870
1197
727
707
849
842
898
1192
909
677
953
1233
1521
688
2158
835
533
1114
751
738
1278
1153
594
1908
1204
994
2130
1010
719
1107
581
758
552
973
581
774
548
638
779
831
1076
985
1345
764
1292
898
630
562
1182
954
478
946
610
605
1175
611
859
1602
962
1048
876
882
1463
1007
646
809
2230
808
1205
711
924
861
702
1389
1329
1218
1005
515
943
1298
681
755
798
993
1491
1110
1648
811
1187
634
1193
1160
1124
1896
786
1715
804
1294
639
961
1287
1171
1168
876
922
581
1296
889
590
668
1097
992
1138
587
744
1286
1004
846
960
980
1956
634
1070
839
1056
1121
763
708
1178
936
695
778
641
837
1026
630
618
833
1544
794
770
746
772
1455
921
598
609
713
817
1034
1509
711
1100
545
763
948
706
2014
669
768
829
710
1368
1662
763
741
1746
1285
1504
1030
2108
979
484
990
1063
1095
584
586
964
1787
608
850
571
649
971
901
893
1017
1145
824
836
675
799
711
1434
1282
1212
1337
1267
550
860
753
975
623
855
995
699
915
616
1385
713
696
839
657
907
1179
742
620
1192
617
747
1070
1395
1060
616
646
633
849
862
986
505
1676
651
1319
742
629
2200
631
1019
705
839
803
711
958
735
918
779
872
873
710
564
776
1207
648
1441
871
829
802
997
984
940
602
1056
959
848
765
1490
1216
1024
688
1006
529
699
1213
1437
724
794
701
660
1742
772
1409
794
878
612
807
890
730
591
828
656
1236
1077
714
958
760
707
673
928
570
840
498
1069
996
677
1500
546
916
1241
1047
1802
825
641
1231
937
837
1222
993
2363
1051
1094
1393
850
669
1482
1036
991
659
1626
933
540
1030
1070
1960
820
613
1121
589
1270
711
610
1183
839
726
904
1522
609
1103
856
732
719
666
1311
1265
910
897
872
2220
621
2222
643
711
893
1117
643
900
1124
846
858
765
739
747
893
574
1224
1413
707
653
852
1266
1285
1439
729
1224
837
798
1083
1320
478
978
2153
731
558
1284
888
985
1121
979
2105
673
769
666
774
913
648
822
970
2171
663
1524
773
951
771
1584
1075
1369
893
1464
599
691
2604
844
781
653
1124
1072
477
630
1463
1236
962
751
681
811
1044
810
1321
917
1644
552
1406
1039
544
1047
601
898
931
858
892
658
801
1377
1087
950
1041
1691
950
846
936
1683
542
749
720
696
777
798
1194
1000
1053
1493
733
1153
1063
1066
750
1788
828
815
835
602
812
667
1574
867
719
1135
732
652
809
531
1014
938
1087
792
460
763
564
1070
914
1142
1350
946
1317
965
2022
1113
718
905
1117
1311
1757
720
597
981
650
1743
765
837
854
1000
581
1237
824
888
851
1629
774
1023
1562
1513
770
1360
1103
703
1231
1870
636
691
2839
816
759
1456
910
560
907
666
641
916
790
774
950
1510
1353
1181
651
744
913
693
534
1078
953
713
1627
706
1155
1039
1246
926
641
676
817
566
1354
1205
974
773
1259
1066
972
1117
716
1505
1192
715
1476
1336
743
790
1091
581
791
1003
988
961
584
765
1311
993
1064
1274
831
1325
915
489
957
718
806
1096
970
729
1201
624
1453
749
920
817
1533
892
1250
938
818
1351
807
617
1379
640
728
1925
3385
760
595
742
1236
1026
962
785
921
916
594
924
721
932
566
768
2056
660
867
655
596
558
528
558
677
766
780
685
955
727
533
756
1187
879
840
754
1562
1024
731
777
1009
804
827
1179
1094
643
1117
971
558
746
1193
901
1417
720
864
1250
724
1212
1076
813
927
820
1159
1093
1206
1003
544
786
860
888
1037
543
603
905
747
833
937
977
832
1094
795
943
768
952
712
511
689
1605
979
887
1151
777
506
1036
1074
799
2297
579
863
1845
844
705
1260
1133
881
1046
881
813
787
1101
888
697
762
661
1481
665
872
1038
696
600
536
773
945
629
666
1081
2037
772
1174
1033
2642
927
822
445
630
1025
1556
963
2148
1485
704
775
1456
832
1103
534
808
2155
1137
602
871
688
1007
472
733
798
1031
658
846
553
957
655
1235
591
1645
800
626
1533
1424
785
1091
1219
1100
943
1019
610
695
682
826
709
740
1048
720
798
915
701
737
663
879
1121
1418
866
1756
1127
944
653
1235
945
1078
667
1074
1325
998
764
1200
573
724
771
931
1597
1557
930
705
784
738
596
788
578
623
803
838
815
1219
971
623
1116
683
1036
601
820
2674
870
688
1012
1009
759
1308
803
2071
954
730
742
1270
692
1217
1151
1680
812
667
904
1019
690
743
1042
625
1139
779
1095
1191
1080
1067
982
919
806
640
1288
992
1710
1708
839
1062
1271
1050
881
900
700
622
722
857
633
652
1134
637
1384
1015
841
801
508
2054
1088
1148
1577
1120
791
905
1524
627
844
988
567
608
828
914
598
1086
1017
669
1142
800
696
553
659
663
1051
1031
687
1471
930
770
738
598
785
686
1154
649
790
593
897
737
680
528
759
1025
1096
632
739
555
1706
1997
707
1219
787
730
614
799
760
930
773
1583
1489
693
655
1254
853
745
701
1023
741
766
1681
594
1021
1994
753
1143
1256
1178
551
1452
722
846
925
984
892
718
3044
1045
689
1815
1267
847
830
1067
643
808
920
643
1847
610
1296
1100
953
725
536
664
650
770
770
987
806
1094
1290
1292
892
1025
1207
896
1759
1538
1776
707
1321
1161
1770
649
668
544
932
922
1683
2488
935
754
2381
1721
714
727
692
658
1731
1137
738
2279
746
572
745
706
1879
718
668
791
959
672
426
818
996
842
623
641
929
1638
1796
1886
1073
1202
983
782
536
716
757
913
847
689
900
647
1649
563
1021
1105
834
1607
1127
939
909
1030
740
1467
1248
893
884
869
1136
781
1418
640
758
730
701
763
1464
1684
732
735
805
1402
1316
733
849
809
692
732
1467
1206
913
1142
665
735
826
578
2364
639
1040
1207
1615
661
614
1214
1096
734
674
921
1201
670
987
672
582
1682
821
903
433
864
1081
1520
722
570
1204
508
871
1202
576
593
1022
836
1454
752
1334
1126
1243
678
936
1392
517
715
2152
911
1228
598
714
690
790
802
753
840
527
1233
1267
1440
1173
918
607
1162
770
1178
634
915
731
718
844
1365
1053
942
788
1044
569
1044
1265
523
1272
960
808
843
821
667
721
1582
864
1167
646
1077
664
1274
724
1028
828
785
491
1250
659
1223
739
817
1175
946
843
1094
1134
2110
1166
699
816
1081
698
1389
652
1560
647
581
559
861
1547
766
1060
2104
1231
560
854
718
796
580
687
939
794
1001
978
874
784
956
805
759
905
936
1008
590
775
930
845
721
1456
1024
1436
1158
589
1358
689
671
898
702
817
984
630
753
747
686
782
854
644
698
915
678
1055
660
543
877
752
617
2012
1131
979
1440
743
929
688
1133
719
1865
802
420
829
775
606
1189
1259
964
700
1491
624
944
792
920
650
702
1700
804
873
1096
574
528
1064
778
1602
1256
603
974
1016
567
1144
900
823
1156
640
1067
720
801
736
708
624
914
915
926
623
829
941
916
812
660
488
759
903
1213
962
898
607
974
892
749
967
562
864
697
909
1003
1827
905
1086
736
1257
724
1278
1075
1090
645
1114
625
1114
830
926
581
833
1374
1657
1124
703
901
743
2784
842
737
2285
505
744
811
857
1287
724
849
889
1399
938
1195
1517
830
779
1041
806
766
1092
903
1062
1015
2125
780
882
713
1008
763
1414
807
814
1031
1523
914
911
1123
623
867
587
628
710
743
755
1099
568
1024
685
636
1943
1191
708
1115
886
818
547
675
1187
962
690
642
895
1175
745
1072
948
1230
684
892
784
646
844
709
851
526
1220
1093
695
881
923
622
1360
1014
666
672
787
1520
560
824
796
875
1181
771
1004
2058
725
1797
854
755
1415
741
1595
1272
627
1160
1479
986
885
703
1091
1519
633
876
786
919
661
643
740
768
867
609
864
1140
655
611
1291
877
740
961
1136
540
576
822
792
1208
1483
971
516
1115
793
682
794
1177
1305
1155
860
780
766
1674
1434
685
531
830
1930
936
957
704
824
1921
757
961
1386
1213
465
839
2014
1247
1450
692
968
642
675
696
982
969
955
791
833
855
1240
1523
635
715
785
985
1679
838
1027
852
702
865
810
740
1643
873
1273
735
704
506
575
994
1452
794
941
1081
974
893
1249
2435
636
889
646
596
559
639
654
676
511
1298
951
800
776
892
908
1728
2019
839
968
1063
783
997
735
1082
615
542
1147
667
1145
605
1390
1035
690
925
908
740
645
660
1314
671
1129
940
871
584
1454
763
865
685
1087
1165
550
1595
673
1417
574
1527
962
1687
1240
910
1766
803
1179
552
1065
1325
996
924
835
1671
777
1051
1086
1347
1699
897
1081
1101
975
1687
1759
918
1132
1354
481
966
712
1870
1044
726
1642
1424
1406
978
587
1306
566
862
1226
641
688
710
832
1055
1079
658
622
929
524
1182
701
1042
1169
499
667
913
725
691
573
618
1192
1321
1130
752
951
747
975
1224
1122
712
820
650
1675
770
899
767
1065
683
827
667
1168
940
1251
669
903
850
1592
1075
632
683
1265
915
796
1058
864
797
1407
1262
615
1790
1358
1344
831
1129
2298
1104
706
1500
1260
1138
1303
768
1812
871
1405
817
1723
672
700
647
1433
684
887
1243
824
1279
486
1830
1944
1275
884
718
1020
1253
752
793
732
716
1628
794
1058
712
1204
814
1055
598
730
1433
1060
752
776
1412
1006
1017
662
1105
855
925
865
1713
601
1331
1548
710
527
723
571
940
821
842
617
774
1095
871
1076
1092
699
622
700
484
2160
1000
894
892
838
957
665
667
969
957
736
551
781
1264
1782
897
659
975
995
797
2020
1892
689
556
598
1950
827
821
782
1036
669
673
1220
1360
800
1679
875
842
494
704
1350
916
800
1774
1014
804
885
1783
623
861
643
679
1009
1082
875
988
1022
712
1380
1854
913
676
588
1531
1652
690
688
932
776
664
1142
729
980
766
920
892
668
1367
1143
1416
995
786
710
587
595
842
1902
546
1218
726
942
1159
680
1228
2102
1025
701
756
841
1144
772
671
570
602
596
982
1216
654
701
633
837
1278
845
978
804
889
763
669
790
784
2145
873
785
805
563
693
879
928
772
1032
981
866
773
1258
1066
787
1149
1379
1938
1062
849
848
583
1055
865
718
951
664
717
618
542
725
748
721
1427
800
1325
493
1054
1902
527
1351
827
816
1537
561
1784
691
594
1387
860
1255
2036
626
660
566
854
2097
1127
1457
764
2180
1792
860
1336
1172
774
1640
1225
522
1094
1596
1112
981
733
623
700
837
1222
756
1360
961
1200
583
464
939
997
2088
797
943
988
588
649
483
633
585
1150
535
950
1003
900
904
833
946
787
638
829
528
850
636
707
572
1176
796
567
1001
868
2071
585
1115
1058
1013
689
983
2309
807
771
730
2196
947
2423
710
681
1027
897
744
456
804
645
822
1176
557
888
659
1233
669
559
1034
696
1376
727
1044
848
829
730
812
920
1074
681
1155
1258
779
508
636
1154
991
843
1075
664
808
1364
828
867
660
1004
733
1439
947
519
753
478
769
1879
767
597
699
1214
683
1473
1020
767
700
1158
914
1038
1160
860
615
970
704
1021
846
1296
611
859
572
746
1190
560
993
1472
1361
791
926
882
822
570
1088
862
602
933
771
1462
866
1228
560
627
1226
629
650
888
874
922
544
1284
625
828
1364
999
1196
1415
1072
830
646
1228
1773
1826
842
899
651
1678
1277
752
704
650
1035
1069
1712
802
726
686
1210
1069
823
902
1827
911
869
609
914
1421
1425
940
1208
1710
754
798
610
1158
1020
773
1029
621
504
830
710
1068
1560
1285
701
1457
686
1347
999
858
1031
1594
526
707
518
806
702
760
795
658
1071
1029
904
828
593
818
727
1250
577
1285
1173
846
925
1025
705
1631
1216
640
743
911
1202
697
645
2082
1066
714
934
1549
1126
762
987
1106
923
693
862
1093
647
884
764
820
789
596
951
995
751
1332
1495
561
995
591
1174
1585
987
648
687
1378
791
688
787
585
717
563
911
784
487
675
922
802
939
819
872
1030
886
839
758
715
608
578
846
771
772
662
596
724
538
1637
725
583
710
1166
593
716
799
793
531
842
1614
2127
1249
576
809
1029
1089
1609
807
1059
1611
600
750
733
425
1168
763
669
654
843
1011
763
694
505
698
793
1276
1714
1017
622
1567
1391
527
966
865
680
630
811
631
1043
1012
928
752
711
929
1354
889
921
554
697
610
547
621
1406
747
1187
712
760
816
711
661
699
891
721
1139
1115
493
2485
1557
857
642
842
754
712
748
1042
643
677
784
641
964
769
713
663
512
996
1347
1678
630
1254
1062
768
1140
1528
842
705
856
545
484
717
666
1693
1108
908
641
696
958
734
823
991
1667
830
723
619
1343
887
572
656
803
759
699
812
834
544
874
671
1751
951
1826
787
1067
789
702
601
1755
1422
768
929
764
1071
743
738
818
649
804
867
529
1081
1847
916
910
685
878
1932
937
957
993
912
1273
825
790
852
626
1134
497
1262
594
1304
964
934
637
634
1626
745
2535
623
535
1169
779
747
891
1442
1109
1079
1761
1250
961
753
2143
1347
639
1080
819
878
678
893
1114
901
1180
634
797
1130
1190
623
2219
1172
1015
586
903
719
1537
738
714
719
590
449
661
939
801
786
878
824
1482
1118
834
775
1046
1213
941
1014
621
862
1091
1219
787
1007
1050
608
589
1435
797
879
943
803
623
539
1039
1062
712
1392
833
1081
1510
820
809
628
681
1361
683
572
647
689
855
2021
2020
598
679
743
681
879
1641
682
1222
832
1218
625
917
938
1195
1237
1869
687
645
679
803
1173
1565
709
1038
834
407
947
942
1705
2743
939
607
561
805
677
736
787
1306
821
874
717
756
889
1283
1249
2356
1381
1430
643
680
893
840
671
1232
659
711
1018
638
2360
1623
832
651
803
661
1014
828
1033
929
522
835
1129
1165
1804
1388
662
517
818
1097
622
1519
1246
850
1033
654
717
752
917
1165
895
874
705
769
636
1315
795
685
976
566
861
693
704
1059
866
1157
1765
780
939
1171
647
608
1193
455
752
869
1460
817
709
542
1698
1173
1970
968
955
2003
2621
558
830
722
726
1433
837
1425
681
656
1228
764
1825
691
814
1510
1224
671
1100
1222
618
623
449
966
1519
1256
867
608
641
1221
1077
834
1199
743
722
1610
1209
978
768
1106
665
1334
692
767
955
862
685
2456
622
1373
920
821
1080
615
571
1834
1161
615
1005
896
1177
998
873
661
547
546
1599
1245
612
777
606
472
559
1832
628
638
2129
1022
700
1060
1050
828
1133
602
750
712
1023
976
724
1664
889
1113
1279
564
3066
594
1292
1184
965
520
993
729
1055
2283
751
930
865
993
685
534
637
673
657
679
1246
842
1230
1714
885
908
1043
1069
808
1637
976
719
968
1176
745
718
1426
1743
862
1101
950
1029
715
1189
1090
1135
1125
1214
1566
923
1590
1067
715
1388
1030
796
825
966
1019
1211
1124
654
1112
811
731
582
643
449
915
1014
1055
922
722
869
722
828
1078
1924
724
684
1147
813
1150
1300
828
915
690
654
1615
2593
1343
689
1079
1095
784
671
999
1154
551
1384
1128
822
759
1488
774
767
606
2903
740
578
769
579
1683
914
936
601
934
724
630
774
586
879
903
650
673
673
568
742
751
565
1746
1104
826
673
901
1252
947
872
722
818
1486
1231
651
623
715
1224
658
1028
583
2262
691
797
976
679
755
784
768
865
775
948
762
717
1799
1446
1204
656
818
724
807
784
1258
642
1150
884
2405
1050
1178
718
2182
1101
1067
680
637
1733
1538
1477
799
1553
617
675
548
1107
798
784
847
641
1246
1582
890
1036
842
747
620
1024
593
566
976
871
1446
942
574
969
693
990
585
718
1197
562
455
895
1413
1031
999
1006
977
796
693
944
726
656
897
914
844
876
663
667
611
692
849
651
1096
948
1072
1474
619
1543
654
633
1013
813
1251
666
760
1032
702
1034
691
1363
481
2531
875
1628
1724
747
866
1070
1256
1467
687
785
866
1231
581
531
814
760
841
981
937
635
582
806
707
1663
886
1339
1019
961
577
559
645
711
1339
709
972
632
1173
899
700
729
1207
1027
1113
769
456
622
980
939
959
1237
1147
754
1927
1411
1210
1481
2095
759
738
908
1043
1084
1026
705
1638
929
1014
827
2098
863
779
1231
747
453
837
1780
640
1253
810
1042
783
656
1862
1448
930
661
1045
570
1394
680
1061
766
753
884
895
1326
927
798
2194
495
909
1477
963
1706
850
750
1157
629
711
1197
1306
455
843
785
1145
985
714
519
859
764
612
792
640
980
1651
635
720
768
827
663
898
1067
732
1622
1118
800
590
658
837
730
562
963
1555
998
957
828
785
1041
792
554
1240
724
651
1008
709
925
1191
585
689
1771
1194
794
1294
1442
630
1593
687
1146
1199
1445
865
1592
561
637
840
1087
701
1831
588
657
1209
657
826
846
527
1167
927
604
854
875
454
1259
861
1129
1241
896
1292
1220
1027
919
806
643
581
1082
881
848
937
1140
1493
1186
919
1957
665
846
854
758
831
900
1087
1562
1630
552
777
1023
771
1627
688
689
790
1122
913
1850
811
826
730
1053
1304
1173
923
2036
715
920
637
734
654
596
1002
786
767
1255
649
1332
852
1516
836
919
1302
1048
1143
1520
742
1227
1009
1082
1135
1183
790
914
1008
903
882
1159
704
1442
1093
944
1036
763
683
933
618
2014
620
655
790
835
1035
1258
656
921
695
1341
1111
981
1566
904
1837
900
712
746
1450
1482
1240
798
786
1750
1110
1663
868
882
829
598
1294
1165
630
513
656
906
960
1908
867
547
657
1495
1408
1237
1934
947
682
868
688
837
847
1308
1138
1316
1025
1141
949
853
689
898
686
660
845
645
642
854
791
1467
801
1105
894
729
1277
654
564
631
1102
699
723
920
1059
1200
1528
927
759
835
645
805
1578
1111
1243
982
740
1226
833
642
768
1243
1378
869
980
678
801
1050
710
830
677
752
651
913
1032
752
1107
1107
2093
751
1109
989
841
901
1505
742
655
1165
945
923
1033
1781
694
814
918
624
620
1447
670
1023
717
942
725
759
731
1331
646
1291
1004
1807
1227
680
1540
823
687
846
1044
1374
1035
708
840
1479
713
659
611
629
824
622
1170
779
778
1295
1585
952
1012
1878
1029
675
1663
722
925
760
798
1275
641
591
741
647
560
826
844
1277
1754
595
630
1073
887
565
920
493
1339
512
805
919
598
649
990
930
793
1063
528
1321
590
839
1095
799
695
826
1164
777
728
506
1793
1002
1413
1030
681
823
1217
717
1112
613
1028
653
1212
1314
714
785
833
919
1051
1221
746
1076
870
1546
1786
676
591
961
1723
954
1949
899
768
701
1441
732
692
998
1383
1289
761
681
866
635
814
1260
2180
810
571
1245
896
1613
571
936
680
1021
785
694
699
445
829
1205
1062
1361
611
1711
824
817
705
600
769
1388
1014
714
950
509
879
706
782
733
999
1183
688
610
568
1884
941
1785
784
801
768
791
663
873
704
884
853
527
503
785
988
1448
1715
718
895
1431
1003
775
939
677
538
1265
1444
464
584
1090
499
703
734
1054
1189
1921
986
1082
974
569
637
728
971
2477
1572
488
605
859
1435
601
854
723
1241
710
725
1611
919
1244
687
905
672
876
658
1567
725
775
913
781
784
980
800
918
980
754
660
583
824
744
804
599
1215
1257
902
1201
1607
731
851
1308
932
609
2156
828
822
771
829
776
1373
1281
830
1002
935
776
862
605
1514
1187
698
917
1120
1175
699
720
1598
1198
584
1252
1131
680
713
1974
965
631
782
596
1105
1485
830
2352
1591
1454
970
623
2133
1182
751
1336
641
808
1166
980
1304
1122
1473
791
1223
508
1479
1172
1253
709
1270
1322
943
917
683
644
1614
527
597
1339
1216
1197
929
688
559
622
935
811
744
558
1135
591
2423
2007
771
1112
871
506
654
1261
1096
923
835
1023
712
1433
664
712
845
776
1021
745
662
543
875
820
1292
862
789
847
815
962
937
509
651
614
726
729
661
1102
1947
586
1055
692
975
1376
617
1255
993
956
620
703
638
531
1037
479
702
1016
647
582
1959
994
646
728
478
574
669
723
640
757
728
668
1755
3092
624
928
1643
796
1430
978
824
903
809
840
667
1269
1344
1442
738
885
873
568
547
682
791
1977
709
1903
681
806
737
422
1429
981
624
1877
992
714
1509
1161
1023
626
1381
782
908
697
633
663
2251
864
1397
589
700
936
838
835
865
747
857
803
711
555
1274
690
572
1005
1184
652
740
851
638
2010
1712
743
1065
826
1070
797
710
932
501
803
595
1111
858
546
1020
1913
914
1020
835
941
470
1999
663
777
1049
1994
1753
1161
611
527
900
1142
1359
1522
809
1116
923
786
694
774
673
1297
1137
619
1180
760
698
989
928
728
728
611
867
947
737
652
1395
1067
1879
971
855
1035
777
1353
968
892
643
781
1639
985
1377
587
932
915
615
1794
1494
631
933
1605
524
812
732
1168
619
1441
1061
514
527
1610
1210
1084
1039
939
2304
1495
545
1093
1230
700
617
1199
600
987
654
463
1011
882
872
776
878
935
777
851
1619
729
1096
1858
1680
873
892
583
793
518
564
1250
1248
903
1050
611
924
2108
893
1054
2584
793
1558
1134
621
1079
1417
603
667
763
865
1353
768
885
1028
680
940
689
1294
1087
749
1148
1090
857
1148
654
776
642
813
1057
712
864
945
689
1039
841
1343
880
706
1000
899
956
772
765
605
591
1067
878
1073
1269
641
877
1046
665
1663
944
807
905
717
873
766
1110
1489
753
1189
1006
782
998
652
923
519
905
1306
1111
1051
1082
1117
635
488
1625
720
944
631
410
485
1251
766
770
497
1229
823
740
1125
620
801
918
618
1045
766
703
661
788
600
1190
1020
516
1476
876
462
1148
859
885
1333
933
2159
1044
568
1638
947
719
1149
629
818
641
753
1052
1419
933
1282
1954
929
899
748
1567
1997
1246
851
1841
1523
1423
741
724
1597
1242
1539
796
805
1521
1353
1102
1099
929
848
1182
750
2013
669
765
757
684
1146
1657
705
1560
1277
875
745
859
923
881
1079
759
949
1486
850
620
978
948
1464
850
861
1210
854
1216
691
603
1827
980
739
1722
746
587
1561
1027
740
1592
893
434
1119
1432
695
713
825
844
618
1142
946
572
1441
714
690
971
656
837
698
780
1026
1308
1117
656
538
539
995
501
2072
710
641
861
1073
730
881
902
662
1386
606
2248
1476
714
755
1542
723
1283
1001
813
1130
873
823
1326
704
1516
729
1503
1379
1645
1079
893
1015
776
920
1605
1077
734
904
1416
903
584
1134
1091
963
922
1393
716
592
837
1803
687
1816
576
1755
668
936
917
551
1121
908
686
585
990
960
524
788
614
569
719
1239
655
596
839
1037
1522
784
822
2010
810
963
2283
1486
1697
744
1006
529
914
890
825
558
826
779
796
1034
727
1047
860
860
685
803
568
849
492
683
537
1345
544
1211
642
869
582
776
666
896
712
1139
695
902
1401
957
1211
1029
1353
605
945
1062
853
1023
644
1214
571
1016
909
668
1258
842
1571
695
1294
622
858
1279
961
2292
702
639
617
752
1483
712
617
778
914
687
880
1084
1207
539
1569
933
1705
664
1054
881
608
690
651
725
612
744
1699
827
624
1224
666
869
1989
734
594
1449
1650
1859
732
1791
1073
613
1900
938
1155
1509
609
673
1949
549
1299
813
826
779
1729
1459
646
1557
603
813
1161
1053
759
791
624
428
709
1065
1061
1150
720
862
1295
876
1007
1138
701
600
829
853
544
863
594
676
642
1265
578
919
1184
522
804
626
737
861
1645
606
1532
708
815
1002
853
769
833
660
531
1114
691
607
717
893
590
866
837
1467
659
560
700
1219
1004
630
959
841
962
679
1367
1715
654
1122
1740
914
842
598
919
913
928
810
1025
804
1361
711
682
793
824
1405
1206
649
1515
758
1826
1567
951
693
636
650
1097
701
769
757
946
1185
635
742
810
723
857
672
1732
647
628
748
1347
635
793
1005
1378
578
1458
892
1433
542
718
609
689
964
756
1482
886
543
580
717
523
1297
1262
717
679
1150
1181
578
1080
715
1044
789
1170
600
1258
1646
815
703
445
467
603
977
617
677
1142
832
709
733
2008
619
1270
995
1164
1022
583
691
806
841
1208
858
1159
860
678
788
733
1473
706
1499
1155
1114
800
1248
880
1171
1111
842
808
1195
1167
717
989
729
693
758
598
605
736
858
2210
1155
646
562
1809
615
1158
502
985
788
607
945
729
872
918
719
947
1148
626
890
754
1224
1006
1466
530
782
576
1235
629
901
655
645
539
936
1119
1200
608
595
617
698
504
759
632
1368
983
1043
749
2203
738
1204
663
779
889
734
1457
906
867
581
1020
1357
1058
859
881
893
1220
515
668
835
2249
639
514
1330
747
664
1126
592
1152
769
689
657
1197
747
696
1171
799
946
780
824
872
684
718
1317
1513
609
580
802
1061
1265
998
1684
550
1272
791
978
972
1738
645
1680
1322
806
1225
949
981
948
790
1093
908
1767
1453
710
893
1246
1878
631
767
801
2229
1392
779
1008
1074
988
1041
952
932
1735
2117
846
1135
721
572
1728
800
967
890
846
744
1285
706
764
1436
633
678
696
783
756
1207
538
679
730
761
1319
782
643
1311
685
945
1364
1036
669
768
539
751
780
1104
1405
1221
883
523
903
671
645
744
699
933
870
575
1098
790
925
700
727
711
908
582
651
494
1102
522
546
824
671
1011
755
650
795
720
585
693
891
1074
947
749
1508
860
747
887
1527
718
907
952
951
794
1265
843
1214
1459
794
642
1091
644
647
1214
645
944
725
1134
619
997
669
647
638
868
847
578
821
671
727
644
1227
1056
867
936
520
766
732
1308
1412
1026
1135
1642
1828
826
768
806
744
617
1347
927
922
858
2264
800
1072
799
678
496
683
1165
868
665
1248
489
747
763
730
862
672
948
643
1393
1236
909
700
1007
442
762
2673
716
661
1973
1341
637
614
578
1006
681
782
1298
794
555
711
973
739
1857
494
1026
742
1057
1756
612
825
2445
929
642
1107
937
1277
992
1100
611
533
945
793
861
732
1350
1105
501
766
1620
1279
713
1179
910
1308
1550
695
829
775
804
975
1083
824
1015
1035
1753
783
721
1375
668
1028
480
1326
441
1017
702
822
1298
723
1020
873
672
727
979
679
612
699
991
775
885
763
697
1794
695
770
1214
944
880
924
2184
670
460
714
521
576
600
1134
1264
1389
1373
965
1166
1383
706
1883
1310
1072
774
838
1996
787
675
559
1178
1042
1170
622
1343
1597
926
1087
1124
1044
830
725
1481
594
1488
920
786
960
1178
1453
642
1865
712
1470
836
1138
1275
784
744
812
641
641
1465
709
685
1341
1050
747
730
581
1325
551
1031
1173
1239
1502
2265
1084
780
821
756
1421
751
1285
947
1475
789
703
1157
1468
1593
595
949
716
676
776
681
1025
719
1003
813
1152
1413
851
864
804
777
1030
1124
613
653
723
696
967
1376
1152
550
746
637
940
596
870
2541
652
1302
897
658
1116
1437
1768
1086
1077
1620
593
972
1052
1084
1036
1433
1379
1182
938
830
819
786
470
759
852
1061
1138
1180
1195
777
723
836
866
889
1446
838
634
700
1115
650
962
965
823
1545
1386
612
2007
1322
1314
1212
928
1084
1338
800
1255
971
640
897
676
839
2816
1504
810
787
611
1066
759
1538
1030
895
839
1162
953
623
796
643
557
1282
845
606
716
687
755
477
501
696
1093
705
1041
854
857
982
1184
1126
1159
964
482
901
1267
1208
690
1429
921
1037
1870
1135
603
1215
664
388
605
829
888
1146
892
1087
879
422
681
1910
908
967
1048
853
578
882
749
736
721
498
645
687
753
796
810
615
852
1216
2122
951
1987
811
1069
1047
612
1263
809
930
577
594
769
1328
596
697
1605
838
815
978
578
778
633
663
568
1212
1059
1151
1251
988
1088
632
972
792
926
868
830
896
1034
787
800
761
863
1211
973
665
731
1149
1125
587
1267
805
1062
730
992
858
1204
1580
658
1207
924
787
717
686
688
684
1175
565
573
654
1395
546
695
586
690
1688
988
844
2709
1635
1321
730
921
911
712
996
904
1168
1429
654
1345
1681
992
1407
762
557
538
1571
760
734
677
995
643
575
762
1243
912
969
665
1067
744
1092
813
1542
1514
813
1679
684
553
869
925
1943
964
709
755
1568
655
1053
822
551
499
1176
1149
1145
787
884
742
976
585
717
661
722
2029
901
1222
536
1067
793
1191
851
859
1077
918
1017
802
871
614
727
925
714
595
746
1372
864
786
733
661
1729
1566
762
675
1324
1064
890
737
752
689
884
1111
857
645
859
852
611
1338
473
948
1065
759
1109
734
1591
1069
2103
554
1161
848
767
949
751
1283
625
654
875
981
1152
732
743
686
1839
1364
666
1006
745
795
1325
2873
996
820
655
718
854
866
824
758
690
1062
700
768
710
1378
686
787
753
727
735
628
837
508
713
619
580
685
610
682
806
827
1703
675
753
1326
622
902
734
969
1088
732
994
719
1166
1106
695
1560
687
679
715
626
794
940
1819
736
1234
990
1112
1019
666
1186
770
519
1580
816
1487
1554
1639
800
820
2754
1079
730
798
731
640
722
866
692
1110
923
1436
685
700
926
1896
1662
887
665
1168
1887
736
1406
723
681
552
1182
866
586
745
752
840
585
892
636
1206
684
893
1410
670
1055
660
1381
777
856
1436
1021
920
818
1589
540
985
688
631
390
737
802
1722
518
987
1007
1236
971
1045
878
818
1426
614
779
930
662
897
898
989
755
1364
847
710
1393
2219
696
722
640
962
1284
751
782
770
1293
1779
789
1959
778
774
816
612
938
1170
562
630
658
1454
816
1027
1122
930
1130
811
730
1711
1018
1310
1158
926
1108
1085
603
758
1265
689
589
824
953
793
758
525
666
951
707
1195
1352
1059
1081
694
661
562
642
783
1096
786
694
654
737
782
676
588
914
991
1004
1367
786
1441
887
749
664
544
534
688
696
950
1132
630
782
850
1138
598
1241
907
1068
1148
730
821
1204
802
968
959
812
1714
791
658
529
679
766
729
670
1306
960
702
586
930
895
1387
979
709
571
808
1906
1049
578
705
924
1906
811
1491
519
1116
569
950
799
760
810
1121
1142
674
486
1443
543
1398
774
740
620
1065
897
654
827
1142
1059
1222
1001
1486
787
1484
1078
708
565
826
995
970
681
759
687
1236
1531
1223
615
616
701
712
822
815
711
1167
737
1072
1718
729
858
1272
602
807
762
798
1104
1896
862
1787
1639
1335
2459
660
1256
2127
557
804
587
1091
1489
692
813
805
501
623
1032
1407
622
600
818
811
2148
796
609
794
556
726
656
878
737
1487
973
1220
1394
642
1279
1986
1354
880
1034
674
851
842
2181
798
702
788
519
1150
793
1485
1742
834
752
719
758
653
775
751
783
750
938
789
828
760
1006
751
666
705
1554
1363
665
1008
948
1391
768
622
1520
554
1935
672
752
671
987
805
797
1367
633
584
737
623
546
1298
1042
1205
815
1216
894
1401
944
518
695
873
897
968
1856
679
1020
1040
780
1167
782
1645
921
1085
915
2648
833
579
1321
513
1090
610
647
854
722
908
657
1098
801
1237
812
787
782
1314
695
1792
747
664
839
679
579
532
677
507
2014
1102
722
1134
1297
808
778
1296
1095
1228
1410
922
876
472
893
1212
1509
917
1531
772
1652
1137
628
722
768
929
680
1257
765
946
745
813
742
683
540
1016
444
578
626
1020
868
3181
771
597
828
1743
1490
801
1019
911
1000
1109
1434
604
1248
1108
1123
1154
767
910
758
933
709
1617
515
937
945
881
1065
1018
434
906
787
664
665
517
1646
916
665
641
1186
1417
1076
541
832
626
886
631
1462
1049
1013
737
933
2216
749
762
563
764
693
786
553
1061
728
1064
851
1626
581
1008
1164
900
664
913
602
820
1065
662
885
589
567
1034
1154
553
756
682
772
873
756
889
1123
1877
764
829
646
963
850
1538
571
796
918
635
824
719
798
1405
987
714
1023
626
621
1542
1079
703
1294
907
667
608
1084
1158
995
804
771
1294
667
584
995
724
914
900
472
1067
973
1180
1525
831
848
1172
1914
694
1121
1169
928
875
736
956
975
838
658
1366
622
1223
848
588
629
1569
1087
1040
875
1431
1170
636
1035
1157
660
702
877
676
1193
1560
772
1169
625
1087
822
751
1566
650
1051
720
1606
748
602
1000
916
554
1024
525
671
553
1051
529
881
944
1144
1090
531
577
845
643
568
1073
640
2864
765
562
550
1269
1039
574
859
679
579
693
1559
1254
440
819
552
583
816
927
495
653
873
1491
856
1367
700
1100
1274
879
888
1057
747
662
1152
1215
1090
839
932
493
547
757
1482
1204
710
870
1192
759
1340
1278
616
1095
1467
571
735
764
778
922
1699
641
807
752
753
504
1794
673
1291
691
589
737
1301
1230
1061
789
2378
634
707
954
837
870
1849
846
1173
996
563
650
1636
1484
997
559
951
1526
954
1194
806
1293
538
738
701
596
2496
686
698
731
708
821
918
1270
954
763
1098
765
711
1264
834
557
678
1260
582
1044
989
694
719
1533
630
762
992
659
1182
918
898
793
728
867
608
866
830
964
1234
636
795
1074
783
672
550
941
623
935
599
553
765
972
638
1305
934
679
821
615
1040
642
621
932
745
724
755
585
1065
1803
2468
1078
873
825
599
662
1557
716
1349
859
1548
771
752
1689
948
994
1339
699
888
742
953
493
777
813
696
681
709
1297
1305
863
587
757
622
654
1097
780
1006
954
497
821
2138
586
1230
787
687
884
971
724
1087
622
654
527
898
550
1147
1282
890
912
630
1194
1335
1033
560
841
1110
1302
1123
778
715
847
683
767
1504
666
1534
630
1058
1707
980
561
1130
1006
1007
1734
639
897
1757
725
615
1166
778
763
1434
666
600
1085
1104
769
1705
952
1055
612
1231
551
1041
694
620
865
889
662
919
765
1948
1078
632
932
770
692
2417
613
858
921
677
504
817
1569
1065
881
848
664
1637
456
1172
1370
905
903
861
652
830
1199
636
1035
1020
996
976
850
726
1108
941
744
1048
656
770
788
905
813
781
1212
2346
626
487
2054
914
669
1246
815
922
1369
957
1317
725
1188
1019
894
925
838
1201
706
501
1388
810
938
983
690
1514
879
843
1535
922
1159
1514
1073
566
978
555
791
741
750
945
612
759
992
1535
1208
827
1383
518
986
829
657
1028
1053
1168
1326
1462
820
795
794
831
786
1391
672
2406
1041
667
1574
643
1283
770
735
983
865
653
954
589
509
493
892
774
782
1135
1551
1783
575
1420
1151
531
686
580
802
1264
912
1174
714
1021
1193
616
712
1298
870
615
534
1164
856
471
1211
525
1614
1543
1224
622
782
638
829
1028
664
680
1232
1258
1672
656
567
725
621
862
863
1013
826
848
1159
588
783
617
1727
630
2124
1452
1050
642
1273
686
1793
591
766
871
1130
1149
740
886
651
1019
509
700
849
921
1013
953
1752
888
1148
1574
1217
566
567
559
1469
542
1048
694
709
988
882
648
1002
680
3116
705
724
744
1027
2218
681
606
816
1870
1101
941
1415
754
708
859
1925
577
571
648
755
627
649
841
1860
902
828
659
612
1344
752
915
654
628
677
667
604
1006
923
915
1072
764
1562
623
727
1093
870
757
833
1008
540
855
799
657
969
719
883
1285
647
1374
514
751
572
905
683
788
976
2007
1779
1664
702
1373
892
847
1076
679
641
1051
570
676
1051
877
760
2318
814
907
793
590
634
1386
1093
641
838
952
511
813
1302
743
1821
2424
1165
1080
894
526
811
604
955
801
646
1260
655
974
810
803
589
1255
869
691
1351
790
839
1361
1561
566
964
1117
663
683
1083
845
1656
521
1041
2286
784
972
1185
723
1505
908
1236
1033
657
484
1089
1250
1281
969
998
1330
966
517
663
1191
748
817
1115
539
755
1232
713
776
780
1374
680
624
639
684
1086
797
1068
790
695
727
1078
1061
862
831
877
648
686
594
755
1066
1157
721
851
549
905
1007
633
639
487
882
1114
1324
500
838
1066
947
728
789
949
1186
622
1211
1018
798
1085
1220
713
1802
1491
731
951
1098
719
1487
933
787
1173
1068
727
841
745
594
660
883
1068
649
1031
621
1142
705
844
598
967
1044
1182
977
1294
993
684
895
974
990
612
552
723
1568
735
598
708
1355
1195
1196
718
1112
1207
2142
1856
1482
1202
798
1429
1450
782
732
626
850
918
1079
1320
963
597
1256
849
1587
787
1567
1012
999
1328
1465
1058
730
1578
1115
892
1264
542
597
880
1080
1038
1373
624
702
664
862
901
1073
1054
1012
687
645
1364
1052
637
819
732
990
985
669
888
718
878
1026
1728
590
550
1680
875
883
566
762
827
898
796
1190
1972
1319
1038
894
978
906
641
616
623
627
735
602
607
844
856
1133
1310
842
551
769
1223
527
986
1012
1489
1881
772
779
739
505
545
695
995
685
557
920
900
1003
1161
561
1506
694
517
773
692
664
1508
1127
581
1139
1274
872
622
1016
662
943
769
731
622
926
1461
1236
1542
644
609
784
979
1507
1491
584
920
702
969
532
694
1234
612
1056
607
1223
959
950
650
742
732
714
1268
1557
1679
1319
646
674
1680
888
828
3540
1314
526
900
1113
707
995
921
659
696
688
1402
963
771
1053
645
1510
1285
812
583
1427
501
811
523
1101
791
1709
1170
834
1066
1257
2561
892
671
686
1054
832
824
669
519
870
633
937
2015
1850
825
2365
1003
674
978
695
1561
1059
793
1273
1449
512
712
559
869
666
694
634
708
856
726
803
820
1010
805
2049
646
1014
1195
993
749
1155
1092
826
1440
1130
1429
907
1153
724
1496
539
616
605
780
1015
1193
1109
598
1038
1541
1001
1153
1283
958
1345
605
636
1320
952
852
1415
793
1036
701
896
893
760
672
1279
960
467
763
755
949
876
1082
811
1080
1037
1294
604
822
566
1471
763
652
789
653
790
631
794
839
836
1217
1141
896
594
696
1432
1477
781
1308
698
1041
663
673
1097
1515
1319
571
510
1036
1261
1067
652
668
985
1258
604
696
550
773
1623
1832
998
854
816
637
742
748
1057
511
1181
900
910
899
763
838
854
646
1181
987
641
762
1085
1529
1109
1253
902
1453
982
693
865
1308
547
938
881
702
656
876
2610
871
792
793
976
686
1325
1028
1293
1047
1137
1354
957
961
1097
994
1126
786
764
834
508
675
942
836
862
1396
595
981
914
942
1177
890
908
1397
1664
754
817
574
814
659
679
1085
815
781
578
1467
954
966
854
880
730
1329
489
898
1490
742
928
781
1764
744
866
612
723
1757
744
1459
560
655
650
1348
1166
670
586
788
705
906
586
740
1191
1057
594
1158
631
886
717
894
649
1078
1151
818
1176
726
789
904
951
605
737
1164
1051
514
847
1170
812
1180
638
644
698
641
1571
714
1064
698
2517
676
703
872
716
1384
1274
928
620
978
631
668
693
741
662
852
911
899
863
638
1634
840
1154
1387
725
2208
822
984
1680
690
1294
896
668
650
665
744
701
981
600
637
893
909
1084
952
1303
665
820
932
1543
1784
861
1280
874
884
557
836
1062
886
923
834
919
1051
555
1117
818
718
502
1854
542
1862
645
773
904
968
789
881
495
754
782
733
689
1006
824
1109
894
1190
947
413
955
836
955
1335
765
1188
517
737
789
1260
741
790
874
829
668
1307
665
724
741
879
980
852
1043
993
1532
920
688
586
810
779
663
984
798
1018
954
805
744
903
594
1544
1080
872
1423
713
643
701
774
852
1427
593
1519
674
939
827
730
1361
1150
746
994
930
1311
766
531
996
766
1309
1234
712
1672
623
1022
1591
719
686
633
657
583
699
773
1843
1074
2404
1250
1332
531
1087
1143
1012
925
625
1657
1079
702
749
1004
1667
1155
556
806
692
688
776
2247
890
897
893
963
1589
751
736
1311
700
1243
1162
607
849
968
1284
715
494
1076
1116
1811
1199
604
671
959
899
733
718
1412
2232
1498
922
1395
1470
797
1316
1158
1029
817
1488
2182
975
981
904
1320
907
1619
563
1233
701
613
552
1237
1721
1530
1570
1342
604
862
1024
722
1754
1084
700
582
681
647
1072
701
602
1091
1067
744
1090
774
862
621
755
612
682
662
676
1398
714
718
837
1564
689
1178
785
744
771
711
884
969
646
990
1339
704
1020
543
960
1261
576
1054
936
822
759
1041
850
822
1251
1602
2249
853
538
1243
731
1451
1026
1346
711
626
709
1181
798
968
674
1008
434
647
809
1796
2000
1110
990
1484
1112
703
766
787
1082
905
1322
1826
542
1137
1014
667
611
2971
978
995
814
816
481
1169
1519
1474
873
1094
764
