53754
29232
23460
11611
1314
40863
6852
1863
1734
1517
12109
3638
14427
21963
11198
4220
5680
15754
7107
46477
22229
40178
1218
7674
5243
3366
8307
4755
12491
4774
8838
1924
9788
11193
4507
5636
39697
22497
16092
3911
2664
32790
8408
30019
9122
6310
8230
8041
3600
7097
3091
4573
14448
6446
5823
28500
8519
17217
5889
10157
8149
1809
2170
17316
3987
17960
9173
11769
3688
4900
18487
10917
10900
5526
12157
12101
6037
21011
24254
16545
4239
3680
8103
14290
3152
27014
20262
17410
43795
5806
5915
18583
2281
4362
2548
4143
12885
7777
2329
4631
6505
2258
4494
10532
1975
5120
3263
8303
19116
4113
2699
16929
4208
13247
9064
34805
8378
10580
3901
4421
5050
19221
2314
2865
10038
20462
27451
8659
2423
3111
29305
5109
2104
34824
6506
2451
25868
1737
30972
27014
6276
18810
17059
6520
3447
15636
5965
18442
10559
34151
4281
1135
26942
21156
21272
6832
1057
2175
11911
8121
5839
1328
936
3882
4960
7518
17645
8543
9400
22228
5113
5728
43131
3014
9920
5366
19536
3632
12016
28703
10956
14368
8380
11860
16091
11923
3959
13484
14190
9270
6579
52385
10720
11509
18465
37483
3122
1138
9068
34583
9560
36011
4064
6048
10531
12778
20886
6415
8672
7287
2823
19112
25157
26821
38733
1366
5713
28156
3381
11971
33353
22243
2616
2167
4784
2741
4486
54923
15477
33785
13288
1327
6183
3570
23243
5070
21231
3413
13404
3327
10297
31451
1856
3130
2119
6859
13725
11901
6736
29867
11235
1744
9810
6820
18720
27667
22022
5455
18813
2385
1710
5201
34656
12931
3077
28638
34414
4339
7167
4720
17531
40313
33458
2364
6057
3032
18093
8211
31369
2722
59212
10504
6078
13630
9220
2152
22366
42022
16429
5795
5212
14934
4098
5560
8541
4442
2453
14733
8964
22939
22392
4382
21632
20716
12186
2285
19551
74819
1199
7264
17462
27761
4580
8765
27338
26016
26575
6599
10888
25651
37315
14944
8436
6470
10822
2600
14839
19964
10526
10165
17375
5633
7965
11846
9368
7390
11408
14071
14461
11191
3705
9670
3646
22508
24877
11946
6116
31575
23558
8866
8502
7191
8186
3953
19698
25873
49008
6311
13629
2385
2074
9379
22093
8395
11135
10126
21377
1330
7059
5764
11087
5392
5414
5959
2785
14701
33924
3107
9279
4595
24763
2141
7469
30403
28002
3825
23847
25844
26931
2614
6600
1127
4318
8129
12546
13845
8009
16272
1476
3904
7265
6422
16634
2618
1923
4678
2150
38413
24480
19395
11856
17451
4172
6156
5625
5391
4725
15080
3067
11265
2198
13584
5943
2163
7790
20612
15103
10983
6387
1308
10199
6791
5147
3786
9946
2364
6063
22046
75468
16104
10526
6372
13166
11598
3896
37987
28426
2033
4034
24333
51215
6362
20454
10268
8437
6609
27446
3379
4166
4044
29457
30482
9892
30352
7926
1826
4926
4901
10425
5189
22290
8577
12233
4868
14544
6914
23749
7700
21458
8796
35882
6390
1493
4548
11963
13491
40546
4296
16303
1625
4095
1102
12815
18009
4638
10511
10999
8182
1373
6620
