7087
11723
8728
14087
142150
44612
44244
96141
53710
44960
39617
16550
5432
17750
154946
50194
44748
5619
64586
132788
70249
61602
74833
98870
27565
62354
1386
31851
37414
17392
105900
16786
23809
63088
84392
24228
32619
16091
106445
25446
6691
49160
43743
67792
114162
46596
39062
76717
27062
3951
15493
1473
72373
56983
28184
35074
30575
119670
27563
46226
14836
4455
193353
17970
209259
58105
4462
38702
8548
46711
5653
4239
42578
20446
33298
101132
36168
86965
40555
44492
13645
30662
136403
19305
6262
10623
2224
3865
102791
72138
129977
234617
101405
11914
142346
137673
115134
7566
6357
26993
49777
25849
1876
5420
43755
5078
37367
6996
58235
12766
6841
11286
24990
14164
9305
63146
28178
37148
43028
27154
9362
26216
93880
65659
84871
9252
2090
62737
67474
76711
97501
52677
10292
20808
43889
24501
13336
12980
88368
36987
37462
27718
17829
146843
188159
121512
20551
4051
67654
112231
22284
16956
94944
5281
47738
82853
20155
28164
112960
52182
14155
27167
22860
18977
78884
21062
39559
36131
78468
122937
17232
87965
16352
9323
37333
20149
107116
74319
137935
36243
77645
59689
202125
75795
2188
20132
28326
74877
139915
34673
65617
47342
41111
18960
28936
112221
41433
34756
57990
22807
6630
300000
22237
100035
110839
49494
109599
4090
226022
17235
14820
13036
14609
19250
20867
53379
104652
14409
40026
91240
120668
294803
2386
1974
12264
72279
40621
37752
2499
57072
162389
187443
6006
146468
137208
52167
11525
8146
9446
14672
32764
70405
19895
15595
44882
29054
254563
39051
9408
69846
5049
56755
19379
55777
70547
4022
34124
300000
78993
100038
76180
14200
5745
78044
32958
52302
10405
27020
12589
16733
42150
55618
159441
44800
10158
64735
44990
12126
58731
72488
121493
43202
6249
34416
10632
10491
5605
88483
29783
103996
44528
141860
15930
70215
19609
24866
40845
49699
140219
25574
12316
17553
14665
37776
10079
119382
1459
300000
21704
202249
19638
22628
2087
51359
70384
41029
37533
41966
13040
54635
74996
46695
23478
144310
23095
2383
21154
14640
97027
77988
53852
66353
123704
65181
56863
38494
7312
63673
23996
97660
24054
108632
9868
41817
8611
148086
99435
26650
24453
67854
7864
99025
95754
79579
12261
12945
58809
25110
64857
7718
136773
21890
61996
43611
61037
212571
7734
63169
50990
58269
57141
119832
13766
62908
79361
131121
32173
52424
88215
17157
8252
15796
63598
50404
80358
18053
243901
55000
72596
72750
39675
84527
26275
98057
66261
24561
62531
62176
15097
1220
12442
46672
16050
9899
3541
71214
7966
63312
14515
4885
5429
13217
93590
11272
85133
36959
47426
193818
74882
9149
3898
22802
6276
78100
42311
184106
15656
30659
52163
31177
53703
7789
115083
2683
21254
28292
156324
36593
134765
156709
83489
166801
24411
8267
58647
27340
128583
32768
8581
59624
24520
8627
38541
120889
17631
23456
127032
22148
4270
88368
18229
18049
65179
44067
100522
44802
18102
85087
17049
4511
23046
4734
111307
117268
30717
102565
14347
49254
20075
26138
15324
13564
7196
11107
9803
21982
91693
26707
34842
31670
14995
70242
32642
12105
151687
115227
21453
50604
2016
48483
42357
58002
76425
15914
17407
4901
13441
11266
3282
6143
70566
9943
9030
47493
13163
166326
77426
4846
40514
19783
36476
154728
83079
38759
23335
34155
7620
44178
2405
34522
76946
34432
17525
29481
113404
119967
25881
98108
50766
5690
144987
142501
6519
73124
1447
34026
1412
106232
141304
6838
24757
32392
104300
210408
111777
6998
35352
34986
22397
44619
62043
28342
101575
22566
11175
65580
23584
6958
42913
21920
48588
11168
133366
62322
13108
25168
203926
5281
56230
51867
6097
23119
38356
10532
108201
12763
89966
180773
38329
207208
32343
15041
7624
20151
12336
20900
23250
26279
14640
7683
7249
57777
1677
44239
11288
49917
29978
7785
214010
2615
88130
145365
67923
64720
40765
3991
41774
91582
106621
22672
8852
39802
19577
77430
63550
24042
46031
28960
10654
76213
76667
18111
75784
17592
249664
8125
31326
31660
18723
6776
88302
80889
15002
38758
110262
235973
21001
10066
24663
93423
51045
51684
16595
59239
25232
96472
4371
72359
97822
3492
112467
5503
58407
50446
68593
2876
16743
3257
75530
19571
8073
2591
99811
11415
62189
12569
143674
83197
77359
17918
80490
37735
40588
34449
23029
27271
128045
227100
112384
33811
7774
38954
43060
4770
20576
110975
39435
17879
89324
77412
35960
117981
66046
15530
10561
42596
26615
15967
77119
22581
110487
2806
9651
14936
17158
23376
86181
12928
14500
18696
41916
3952
47315
1157
36061
56675
72539
5988
113037
22220
32252
67136
115996
27554
33355
17001
32028
94654
36596
12166
8621
182728
10098
2458
57241
11847
15571
20803
20039
19647
40768
102874
29529
20108
41520
32332
30040
20053
149947
1903
55254
125310
85970
9202
27908
3447
12098
56821
159792
83025
16964
50888
40096
24232
104441
105044
15927
52903
19271
23333
11164
1289
67102
50802
186632
33442
7904
37690
37137
22298
162231
5698
7800
2355
30810
40667
90019
19571
190251
4309
8534
102051
1459
5175
30975
35194
23227
19002
6593
61535
70108
1143
45726
4311
31802
46745
41877
7404
12974
95258
114721
78725
24761
3248
29449
56773
18851
52271
62925
158156
24022
2366
56348
29437
35967
76078
72617
23916
19446
13979
149175
49034
5715
17983
50956
37285
18058
115783
32917
66807
9251
98079
41897
43624
19363
22742
19902
11965
20241
27482
34107
14190
15670
46083
81125
60947
23466
101517
4940
68627
25343
90328
22706
27845
7616
32144
24923
31458
31066
32832
83617
50541
7508
184620
63315
29367
66305
122855
132960
4639
38124
14684
74876
147586
22181
20788
27928
14147
17186
41822
5977
2497
15106
51773
60333
164906
113465
64011
4175
47640
1899
76451
1960
117457
122665
5384
13626
66297
153583
12432
1222
76251
2514
67019
139520
33485
43049
29228
127103
6469
46463
91331
4962
51279
13272
38253
204053
116264
19735
11725
9162
40808
10933
78549
7554
7434
96380
72268
44991
61302
51270
40354
53935
91920
37931
24468
125513
214536
151206
37252
75481
20042
18509
38083
3918
27426
38586
31881
50669
88550
13677
24962
11686
60504
89296
25406
20295
73433
24128
136394
20006
20842
83278
22247
7451
24626
71169
32753
15159
9081
68330
8254
16798
116885
5314
14413
8528
7343
48653
31626
2051
2789
26196
23128
81075
4087
25215
12565
17422
144412
17298
17072
52303
172532
9811
25150
29063
32479
81895
10776
35883
30202
116208
103173
46276
9785
43149
33516
71339
10209
17863
10477
1591
31048
58892
32113
85104
26884
2142
9980
85846
33471
158672
30158
13433
61676
3679
64303
107406
93756
58802
33918
27149
9308
6586
74057
7493
11374
34647
13362
1571
109990
46679
8321
9104
144807
14488
44519
112879
28640
66951
23803
1973
7891
41733
43937
75786
41426
38575
33962
69903
62693
3871
58378
16323
24774
19339
86196
3402
15634
72365
56191
58583
16492
134142
79989
20929
14931
9447
12672
61981
11644
3818
21864
14089
32468
37066
5777
24796
11931
29228
17685
114785
41476
12154
64307
45242
24899
13437
30326
98915
4536
59787
103603
143730
59582
5642
120636
27005
128041
63611
21008
49704
16648
5554
131394
68180
30965
53661
78796
50280
4155
30148
61813
36257
19537
41675
6999
15376
73080
58448
26904
10786
7861
66597
62480
3479
54320
11825
1633
8661
30808
49088
4748
62483
36354
42580
20125
28283
50187
13083
11699
4762
73043
37717
64056
22911
3929
19219
56379
5368
7818
35567
15209
137129
72597
59551
8312
37842
29678
47059
37194
14261
40977
8495
201542
15182
24987
8166
119863
8073
1977
26428
26354
4420
67734
7161
99406
4344
1777
15804
218845
11689
28953
55249
12964
29853
3541
30923
2907
14734
34172
27020
3885
18318
108405
116846
16503
57222
1169
19441
53749
61148
21485
9051
2774
140502
10240
9077
121858
31737
46536
138434
6059
33826
82305
35893
10977
58177
87869
47979
34269
15716
65831
34276
14866
84414
6426
47435
22114
24992
102412
10819
130180
20023
36982
13457
97748
72788
97295
58893
51487
107759
26021
43732
98523
11869
79839
29088
46980
58314
87372
9369
53444
23329
42759
181834
22139
14409
35809
11344
40499
19180
33102
14340
7505
89623
21457
3848
57577
51573
5563
1594
32225
31328
19245
101415
26095
122602
6255
44266
35591
5928
17735
42985
99054
12274
57226
20589
8244
10076
30446
127130
84266
2541
18263
21995
58594
20250
7269
103689
62487
105452
104666
26367
50480
9557
68080
28911
9491
5262
42217
98965
70092
16309
131235
110667
13054
35797
23466
45601
20537
83609
31203
64635
40892
106611
1842
72057
8236
29882
8935
153966
76425
9366
133303
21084
10670
9762
8910
64233
55371
15646
4406
28541
4882
10093
59256
13233
58228
65758
44410
4851
43196
22638
30661
136253
38943
134579
27993
24649
21553
14100
2761
9768
4883
88826
36450
17052
33131
2020
118196
10980
69551
31080
19028
13590
112470
76264
58693
2586
75481
25305
25291
1602
36037
79671
61648
93304
39097
32517
28598
15865
11540
36343
11991
27532
156285
46729
35122
4035
47329
22512
126611
25211
14233
34113
30211
4251
143196
22026
8699
3137
75893
27458
126197
79989
36664
18970
108480
4989
34935
21039
53349
15123
1844
72968
9236
29671
5873
1794
51977
2290
1677
4120
20980
161520
187179
1714
31596
31444
34787
20239
32586
32572
99846
32875
57937
40446
71966
65089
71322
102918
11981
33722
30414
70169
20893
52104
16176
112622
27587
22883
33222
44414
33421
16659
31163
15689
1602
48769
12806
98505
161536
37406
62474
20565
24123
194405
84593
72895
11671
122464
83321
9711
30011
40140
21305
77010
50392
35790
28548
47800
45310
3099
9920
8658
13434
9855
25108
10350
2026
67414
79856
40132
21032
17923
3478
4818
42082
21325
20731
34981
27932
10776
4644
77704
13339
102116
10983
165031
36710
25396
25303
60327
29132
31505
37426
9386
2318
57230
37938
11133
20044
55416
69530
44153
57803
46019
36969
41448
20706
107186
10350
27658
26069
6968
33193
146045
128418
52302
2545
28767
24773
104598
21243
12960
31788
54402
20504
13142
70096
23530
138995
28283
18839
16419
66368
15236
47615
12050
45842
23463
21193
64019
104643
31924
41418
16019
50729
42275
23844
156194
13352
35843
35197
5694
28928
3914
6669
51149
85679
74837
27372
43338
49831
60275
23714
125289
61714
24021
126451
16947
64986
15768
80200
22511
10211
88743
50502
46512
54953
32578
2568
75754
5039
50351
35087
98046
2003
16210
87134
145493
14778
13116
129988
18016
2695
33687
61279
9624
46053
13548
13286
32904
46516
79790
109656
21524
19538
18329
7275
149309
36136
6550
2639
21774
138689
4618
57206
13441
31491
300000
57974
24899
35147
57700
78025
9246
6589
20545
59781
78137
108819
28508
30469
14689
53317
38507
2692
7149
55371
79541
24867
5578
84485
17208
37686
41786
73840
20618
41680
154071
29451
2607
1923
47546
37892
26541
22612
61933
69041
27808
11973
44107
20645
60823
4013
13801
35969
58316
84870
32093
91111
18192
14307
122611
25976
113124
13286
12142
18103
20778
5922
4277
9314
1582
18617
25123
14501
158020
30581
79542
22625
67608
10501
43808
37654
105133
6066
11782
50000
25825
49594
119959
77733
18075
23470
4647
100175
12442
47322
7213
195380
37821
21748
4478
137000
47459
4391
12867
28315
112637
14462
18596
37486
3842
40850
31657
5891
16187
86652
3123
56998
9554
62840
3156
75459
88376
58087
26190
110985
12054
102973
50377
229427
49674
43982
23001
1693
41275
30192
10175
24813
54191
114903
156773
98659
26912
18972
30880
4539
18850
64891
158928
23069
3442
19201
243169
66787
44467
145317
13055
106001
159013
24243
31044
1960
6554
79845
21116
17875
13476
13872
46319
41373
19872
12211
8430
11526
137142
53856
61982
39927
3667
22248
203533
76976
29862
57562
21975
62843
72495
7704
7275
44531
148284
94022
93801
43762
49182
80333
146840
134264
35655
6940
1748
109104
125078
7164
87870
253499
49567
16536
28964
56514
35365
43937
49131
8536
34723
80754
4569
19568
15494
70144
20989
89650
101082
148596
16775
3189
48485
14751
49015
31400
9245
10412
2249
26630
16729
15188
225206
55569
15554
76424
10118
131737
171376
60302
22426
81945
97045
58583
7406
2466
54508
4309
31696
105739
11663
37436
7279
1468
90486
44473
10831
81824
62614
30043
74344
54778
10371
84057
45646
35298
91074
127692
3363
76719
42039
56863
98444
42936
48842
75986
10570
89558
43659
27843
113120
19756
56049
49201
80776
86229
39257
30000
51883
14558
5852
15992
61747
203787
16987
1991
19267
12335
10737
62548
1633
100209
18603
6705
8378
88310
19681
214447
33969
32614
18542
13007
18297
33992
1603
9846
34579
49015
37929
81868
71230
52429
53908
57703
64500
4495
15780
77958
10666
44514
8830
67048
40788
18532
110782
12709
23058
34279
9067
3896
30926
25248
59368
170150
30535
39079
10300
37868
20265
59289
30436
121945
27664
1311
108714
79661
28396
12233
118712
69390
5838
6692
4311
10850
93876
138718
9119
1411
70604
113230
19045
52375
9539
51232
2402
20051
13639
11876
23577
5502
48073
78530
45511
11211
146254
55276
65143
5616
34823
266156
88798
35806
1226
21343
57871
8144
6039
44795
27092
8488
3384
5643
31760
36090
65112
195073
45307
53214
14483
24359
15317
46435
42991
4599
110068
92920
46220
20772
19768
20824
16125
30684
29123
6066
2851
59526
5174
55005
25019
12710
50509
21261
66409
10686
73938
1839
28725
24251
41645
27260
5927
92041
38293
52400
6533
52468
1851
187600
51390
144426
12675
123547
45214
15039
15230
8793
93638
15348
9805
2353
59993
10983
1239
54774
74945
11506
9956
14611
1689
52398
50383
87298
29730
44282
48495
80663
156969
24473
109019
15858
64869
95957
26804
19298
80775
73748
7440
28834
194252
18227
38242
73063
59037
60598
57885
93977
17636
11796
66641
51686
51082
33326
10441
17433
9554
30053
72274
84175
52173
12014
10239
197543
23153
171743
22566
43867
4080
8198
79714
4716
230398
33447
13091
62019
40789
70891
57042
213010
34192
90758
12602
1892
25112
94603
9988
13628
21572
140452
51054
28358
14439
19582
50798
51725
78069
31717
5279
6482
19248
46157
46450
23657
35751
3214
47778
77771
52578
274130
23965
98774
139671
10099
13207
52193
12120
21448
33429
20330
84830
155069
26587
67407
106897
32850
10836
5813
22254
117767
84947
25064
7284
130350
28582
7235
97281
108575
151084
82037
87085
47634
32136
148820
38977
2656
57500
203143
97247
37421
33375
22849
21008
51836
62083
32568
61566
16480
199464
10611
53738
38234
18049
23689
10058
149192
26046
28794
102487
20656
117423
8667
130074
46828
5712
2056
91182
7347
19376
33160
8833
88096
12298
9265
55936
129939
48392
1770
14834
29936
3174
63397
24806
65380
22055
7269
55501
46889
33275
9585
15033
22432
7726
9092
56859
93130
35711
116914
52363
43435
3371
53591
57652
11810
11011
43102
17490
50158
14349
42550
16009
15353
152164
18954
77290
145206
35766
146314
51102
69943
26191
155350
63355
36963
38125
38005
22840
2309
8403
43982
30582
61654
19726
7489
21960
19653
32752
50629
38213
10418
117325
9469
170944
71123
25046
54196
95221
51887
55461
36580
129313
8795
19165
16150
85168
69622
64487
59870
153267
76416
16518
7957
11104
26300
125276
2939
69408
58873
51994
21601
27664
18131
63158
18516
19792
13364
24253
9924
14523
24497
17589
25536
128069
8137
6232
63807
19822
56908
67014
49635
9836
15880
111688
2128
60454
95920
234198
5439
53555
71027
53106
65633
35423
78477
27046
18247
28453
17861
74352
66859
61040
30824
78786
113867
62954
27404
2394
9457
43276
36929
52345
1331
91419
98997
71447
41806
100612
9586
20099
85626
28549
34678
34872
3675
124687
14621
32417
51727
76696
69377
56762
22988
19768
40242
67465
2720
107172
18600
71028
80100
22133
61783
10870
129721
34800
1509
61352
84876
3693
6420
33061
60830
6782
31271
12505
8900
196380
69175
20664
38551
63344
8848
38063
44395
16257
71072
7126
43030
71144
15451
195723
50321
19559
151279
24583
46286
291053
9794
25736
101199
83824
60967
32980
14973
86615
44644
16928
33515
69762
5876
27054
27391
183651
70295
42728
102576
18052
7651
99479
93760
105581
78230
60902
61982
27713
111793
6337
74427
83302
116874
5995
27036
34386
26530
26641
88096
6143
45503
23412
32673
1356
13603
15291
40371
129922
19022
26977
180771
25160
21516
82568
85622
80112
40183
14101
66869
10718
89797
196057
31787
5555
36679
4867
51450
57695
88582
25069
264011
36535
5531
33616
38991
3075
4177
40852
57572
5716
9952
11970
58690
5162
7559
22694
74528
49633
15322
9424
20018
36942
28252
5566
17432
20773
93461
129995
45993
44918
48737
108299
42136
131722
63816
27767
74586
109636
80443
76123
72394
27496
42108
18940
112552
22953
2421
37045
62718
39648
64142
21944
2085
5787
71115
105611
102557
37359
2395
99435
75520
128054
54762
127185
3194
69079
113580
41489
32709
32606
88504
43491
2238
223677
14322
17360
1367
5406
13745
191526
4280
73438
162172
141771
23264
57171
1194
8858
16265
10089
1240
250713
29093
23345
91358
87265
89490
21616
44624
14623
3356
13056
23942
24686
15689
14974
120959
18730
1255
12645
74650
70002
44240
164602
37952
201838
43127
32440
15090
48613
11647
41371
52347
107493
25020
4455
62572
38650
206014
27661
3039
54420
20420
87673
16107
131208
33613
98611
37455
278331
156509
3349
64944
92485
7334
15261
129141
16236
14025
29572
66361
1258
38878
5161
16261
164806
29437
20521
69074
78634
57662
8774
101936
34607
37244
101265
72738
1576
22233
93906
34579
55734
35884
137207
75070
21839
109997
87068
163836
44351
135701
48296
8202
23989
78145
51169
13567
118074
13178
45025
53381
52843
12738
6177
18899
35793
116488
60025
30120
3849
14898
50962
7965
48767
2130
106265
36044
16747
88419
23968
5075
42673
55131
71407
40357
6472
102552
50403
32444
37291
27038
19033
25357
56751
72466
130318
56988
178668
159488
54323
16495
20156
1855
15131
18452
115380
2297
67534
6361
44745
82872
25799
1414
53596
75510
12956
33373
14984
42798
1791
89156
36193
166172
12044
22260
82117
77867
10867
10840
46374
40122
6975
28353
7361
16909
89976
81399
10001
108798
9395
150985
101296
43893
4965
22589
21387
88037
21744
7763
50699
2810
50235
95982
33422
7184
92330
42317
49660
43057
50838
123435
8124
33033
32826
43093
26140
66123
48861
64324
47745
137092
28513
35033
36354
47793
51188
22122
58159
2767
71512
25438
174997
63679
4140
4391
59878
55083
27139
3685
179954
5070
78267
18488
57666
16640
62110
35816
58455
77134
11497
64791
26048
12674
63593
98348
20720
7612
11348
21418
12478
26004
30725
77796
58650
27892
78885
6419
114986
37756
146374
55209
40166
53110
6543
6001
58472
65295
15837
1805
114086
21622
164619
18237
6129
18463
19934
57744
16533
20567
4549
10792
10351
7569
26055
62768
81473
6245
8085
230162
22342
40427
2752
15158
185494
92191
47235
18301
49850
155146
42945
67698
34665
4518
18464
32236
61373
115263
58903
48430
157342
10177
86160
6461
67321
61041
12709
41504
70368
4743
20054
18480
89386
87181
2392
6416
46441
10807
2652
13357
87565
13659
3334
31421
24979
38507
169273
45271
23615
2494
3795
38330
46979
12902
50529
11007
207041
77981
7487
82657
74229
157071
14847
37097
6975
15548
5446
33254
81656
43300
29728
10350
205329
19876
27021
94452
31329
12981
10428
10628
1868
18116
79943
162556
41960
31560
246587
9210
3745
119190
1798
135987
34336
6638
45432
66319
56683
5471
12137
23383
54584
53772
144718
2132
19216
5446
55268
41757
74670
168614
188517
48860
64384
4346
1512
27738
9151
131180
92137
98893
25497
48323
14005
64249
195043
16762
18615
82516
9056
88186
1603
24714
169636
17330
8048
7045
11209
34709
9927
20532
7299
124284
65701
115138
8996
16411
211612
38181
150177
49434
160269
37999
38743
76052
1976
4011
2317
48149
32749
149200
40974
45090
27211
101330
7186
112115
3886
15491
9081
18329
65261
12593
1563
230485
21458
26334
27347
60337
31826
54380
10188
70627
12848
24637
2980
45207
14627
14532
41203
13712
45819
29835
24099
28564
56785
34947
13131
29713
36734
144156
28302
86393
41746
2036
39687
78519
31887
3196
34865
34566
42205
17966
17178
4876
4905
79298
85135
2076
4798
41210
11768
46260
60116
32374
45710
71391
96203
17392
3268
101559
14468
74634
6178
3242
20570
15813
144826
39064
159904
30887
4938
9216
67142
55137
58480
5912
20516
131692
29114
5276
98554
53526
94807
10209
20624
1155
138208
35623
30031
47035
5005
21700
13782
58421
27706
3087
58994
64626
19823
2052
28020
43861
99695
27924
1623
14363
28360
23419
22612
47906
106919
36830
41283
50758
26737
7995
28106
27021
19909
34657
54607
68059
18541
54820
25719
82250
32890
75578
54902
8065
13001
17955
5463
16470
94914
20037
40252
22288
145710
84111
6792
24983
47584
116530
107985
19220
1538
4842
19729
82736
36747
30791
19871
12716
125094
24110
18376
4586
6263
7268
112075
50777
95760
53074
107269
8289
27402
41745
80836
43637
105701
37910
13210
53096
7773
65753
5585
60929
70210
50300
23287
238630
6560
31701
13522
9139
28336
100477
74072
18692
34215
4723
25813
73995
78512
18214
12753
51310
39316
2240
2601
53718
18644
29890
50096
14212
22213
9031
39404
22690
31892
23671
81514
23336
16350
6018
20247
23036
95037
6444
57233
11448
77508
37915
14412
34711
70946
10315
19029
5517
68317
28403
15763
73539
63669
35423
31831
88934
90438
81446
55455
28061
4991
115086
17174
57614
14240
5463
21445
95897
26567
13499
67419
296744
78267
51726
25351
38255
108919
65177
11046
36616
97924
33823
3774
22405
6481
32845
68522
50994
22459
27796
118878
106531
6402
94612
70663
44720
46751
32544
11410
31391
19255
4565
36313
25590
26540
36507
54267
39512
59951
105017
5877
39917
5613
183190
6848
2246
42979
57952
40925
6151
89623
116262
13635
198250
47427
30551
66099
35389
34274
59787
13971
107820
130442
10588
43741
7437
17413
17248
17083
20025
36095
12158
16011
12633
10586
65070
7191
1497
30003
20975
33669
33669
8110
4678
73839
131621
24188
13956
11888
88317
34276
106340
8319
31614
2397
18655
124074
2116
18641
3525
28133
48327
65325
37515
29784
26411
215485
40925
23132
5816
27235
35918
72482
1906
62978
158441
70523
26380
3925
23443
7909
58439
26635
153073
38725
83756
15872
108730
14973
41601
52547
31577
77175
24699
38192
66799
42953
23330
23532
25034
175411
6742
55378
48280
49750
3823
56796
55605
18222
66987
24661
48555
12097
17896
50502
57352
36715
20130
62530
18743
53683
93413
49133
29588
22079
6337
74632
43464
46634
69401
124487
41571
21683
67934
6342
33123
93771
2481
73939
23343
79869
15219
67039
4211
41453
23327
36632
188630
139917
210579
47857
132800
34981
47660
107003
56736
179378
2158
111476
24596
33409
28625
37517
111755
80420
13026
64342
15594
63228
20909
108935
58182
25063
47884
67555
17383
49541
9523
17204
18002
5654
29525
33543
21112
110190
23215
32786
53649
6101
33541
17178
26267
2377
36606
5270
182394
151158
37158
16933
103520
16715
20650
40257
29741
14036
50805
3755
11070
11649
188847
91175
254629
182289
89009
143720
12913
59067
72708
2797
68162
8724
36837
34622
35838
66634
9374
81811
54849
33594
13806
1384
2276
7049
32799
29786
12625
5425
88729
44443
33131
9075
6431
20709
41247
37809
84868
24221
145668
14808
34645
43091
67272
105442
9997
22583
18999
6892
18428
115583
8588
148876
5988
29109
23709
13794
50765
14848
75757
77342
13596
71442
44753
9916
45423
19691
51349
47467
3946
95055
65865
88638
6161
111791
136036
174964
99313
7267
31422
43658
19782
75511
88721
36274
1031
21185
13154
22499
111955
2511
7120
70836
56093
86282
1794
4235
36967
60364
9439
6817
58136
14888
70543
15822
57363
21104
17254
5862
73755
5485
47364
108260
27014
56187
162689
157926
13235
19201
11333
3009
23849
28075
1612
205523
65842
6264
123790
24678
111442
4010
58184
54968
42873
7435
38834
12022
22456
8615
37264
6752
8209
56999
12575
2497
67796
4253
4384
139813
101734
39361
8630
16682
15940
143878
13838
24267
113485
22990
143371
25173
19563
151804
165049
24544
74346
78052
27328
27238
10750
15510
56618
10023
1816
7895
78318
10974
95920
21810
51516
49445
29526
48692
179473
47474
129894
34506
44164
41085
7710
29720
4781
15048
149501
11574
1435
61129
15357
226502
171816
9047
55023
98812
10360
10294
6024
87204
101897
16039
41054
60374
5376
60328
49096
18024
91100
77621
63712
6744
37802
35696
10740
31049
1863
127807
26799
31889
13741
32193
11871
40722
35325
63704
60391
4415
21218
8220
34816
4715
18016
1844
14449
21504
77241
74499
60780
74444
31180
34955
6102
7712
1984
41863
80411
6335
300000
143754
60056
16103
54716
2778
44424
161267
46962
28931
66275
11573
6054
99957
1388
14701
47704
123965
12091
6132
4520
7679
36453
8946
3060
12266
22674
10204
45886
2693
74987
42655
2068
3838
38628
121484
6248
36319
116064
57112
19591
1186
14161
96940
94335
182426
3230
70818
21131
22546
6438
3330
52209
30428
84025
42823
68231
19470
112709
46313
3003
92242
59019
26549
46175
53922
6599
100412
6036
56041
91622
122248
92655
20317
26787
146279
27770
36157
8242
19280
84375
9798
20644
17990
6691
94705
53161
16729
40992
60134
92614
108253
110212
103241
16974
5583
88073
18308
72486
3493
18055
68144
2017
25854
8612
48221
41693
19663
76160
55240
41694
39787
13426
23995
113070
11813
35499
43293
39100
28017
89403
4198
3094
72413
54436
22656
33134
120297
7571
22715
15311
28924
58088
25005
9426
21504
56373
13130
11852
133884
22125
65476
14560
10384
15976
25726
82151
149010
99419
8878
4316
21827
53853
61794
37337
34837
33356
58483
35209
162849
12000
19798
62678
133405
90433
184674
7860
23069
7749
16101
121968
14908
28137
21868
49268
3538
116288
3150
112900
65502
97832
11220
10304
27870
59628
9836
28893
127343
99973
258219
80035
43565
52161
56187
29943
236822
12539
32107
4487
38301
41748
92846
77962
138317
23642
110159
41865
123185
135281
42892
24976
32932
35381
96823
74432
3842
22526
5361
22582
6339
40962
19062
289591
2390
21915
87870
19294
70851
44117
49981
26059
8271
40100
51843
68912
6080
142707
19973
24540
58671
20965
185792
34023
33389
12580
43134
2850
190960
36972
6454
19941
7016
86038
25784
131704
68404
36686
2566
76538
28801
114002
60179
192850
106448
12848
61931
85391
32356
93883
34743
35565
24676
38012
14446
25602
30412
66528
15162
69905
15213
105797
9497
35367
23645
91556
62850
68211
67683
10156
5551
121701
8119
2528
8673
2488
60958
29857
9547
3451
57778
54148
40515
36771
81086
57129
21937
17657
37996
79333
1508
97278
64276
5285
17949
94274
26427
32179
4453
94662
132778
6474
79333
19438
32334
138526
49397
76663
50128
5566
6137
21097
39568
16157
54381
175157
3527
27485
6853
3978
9889
56795
166942
7585
12516
126416
16220
3330
51151
51513
35659
4464
50507
141973
118699
19516
6413
35634
21583
40772
144955
9188
22628
21884
41230
30189
21714
13272
68043
85061
106618
27826
8487
83461
4736
17240
33089
69815
174133
18409
8986
76919
14373
4649
12717
53339
55209
2622
100461
12654
4808
196798
299460
65181
10579
63534
27731
41277
16626
110122
9577
21596
21327
26014
79764
12146
108401
70816
7277
2179
98261
114305
79635
46942
52140
24495
40309
4547
20036
99365
118682
7183
4507
1439
51633
15764
4054
18813
13448
62312
91304
2801
5614
22906
7510
11994
20468
56677
102922
11377
10740
69102
67077
41167
77146
69971
36928
38361
20510
20768
34527
14887
58146
2629
10388
20303
12077
28861
6375
15762
24605
51155
33720
46271
128332
32296
82671
16670
16056
80695
55925
13056
28710
91587
1796
10337
17582
11398
32633
44723
116315
29518
154937
10176
10968
12333
6398
129740
14935
43922
14172
2891
47136
13784
56624
1951
26406
24576
11818
157660
96447
2392
9461
3051
63753
7945
5238
3057
7826
45487
21295
85016
11655
4048
142020
145287
1206
2159
122818
12391
11705
15913
25192
65523
57784
44250
7308
26021
36406
5195
25346
26505
22195
5233
30744
26426
44600
3520
12989
233373
16749
86782
25575
1797
106144
12728
108784
81427
9426
49642
81005
14676
47644
60356
16122
64631
14162
36394
24920
63124
7563
78804
20291
24771
195370
31923
85185
2143
105398
36825
4558
26953
105525
13196
109858
9873
59529
18145
157899
59916
22759
5368
26409
17287
12025
31398
114605
25170
2444
11476
54084
15926
38746
5669
21291
50636
48554
7900
62920
12123
8007
33820
10694
87360
5575
41111
6206
163051
11729
2017
75889
41325
8196
1705
14764
30258
26672
13793
18524
82410
2676
2463
61681
8171
66358
2421
104723
3174
34579
10989
19799
4045
1549
33066
63690
48002
28555
52248
9565
22134
22131
28870
3167
71630
97682
94189
25945
23200
51721
27189
49798
15914
40676
41965
123932
1736
120339
17640
5772
11387
21845
137650
24184
110283
33184
16936
22327
28890
3565
22815
27103
52595
19182
18007
42779
67832
6531
138671
13656
13497
54190
11421
67479
161287
8081
38651
63291
19295
62115
69843
128852
13992
37758
87400
76258
64142
35432
35689
59436
10448
139328
37012
36987
22307
138855
100406
15339
32439
164564
58811
300000
31731
70055
156882
110232
7196
49328
29229
26699
25492
46889
133390
39418
16728
102554
41528
9316
78621
34251
16697
28755
55387
25685
7539
10975
21966
47783
126829
67699
20737
27769
52588
15070
17436
22471
10589
78092
35081
48581
33304
22167
63125
108438
30109
1802
1564
39195
59047
124454
89419
5443
7672
96902
38736
152146
56254
19397
22614
62097
53881
94656
7886
19592
33238
7304
38967
12898
45176
13959
50936
24139
18939
71299
2721
54166
28949
18428
17375
34234
6398
30786
27985
3459
3783
57799
23894
29488
59625
17976
195740
44411
36044
116648
39533
11173
56150
36077
46097
36363
8558
58159
65165
55117
50289
2135
211465
55857
8568
53326
97927
108702
249840
49893
17844
78333
135210
78699
56959
209330
69624
2785
22950
135687
204165
37275
105721
97027
52083
14291
17422
109591
93883
23946
5278
1426
54573
30186
1958
131120
10042
64415
19361
26869
52491
37210
38891
9359
72199
118390
46133
109520
16852
89938
18573
14687
55931
167055
22755
51498
23550
14087
3418
49890
91657
92413
16646
92224
35143
72049
6623
110868
24669
53412
8544
127379
223440
3554
60843
20276
101943
17072
32092
131836
30982
9916
41801
44166
139128
8765
11349
67130
25818
210071
77387
76777
3870
91494
35199
19030
2756
109673
32367
59037
30279
26838
31564
3361
82756
3176
36118
28087
30802
15089
40603
56665
24547
24020
4433
7019
78616
5112
50725
34337
18236
88678
19790
31528
12723
101051
137577
34820
11223
5745
13842
83186
32601
67064
23667
92952
20095
48848
32338
4152
1458
21109
29365
71381
34907
9439
223511
177989
139074
34833
39904
300000
28461
23665
29963
26512
51713
31731
69127
168787
66610
66989
7419
2958
64019
20273
89497
10313
25846
29796
32249
14663
37258
75515
90642
6859
45471
9993
15558
25333
48479
152879
4362
2583
27913
25495
47352
28763
31903
11845
21263
45007
80362
89122
170712
30959
18281
3580
7750
9930
57216
69956
18227
39422
28367
129118
18081
33035
91396
10113
22865
35294
107143
43978
143182
28711
41357
43053
9649
61814
30915
8072
6976
8756
64823
32422
49535
23948
15763
52596
25214
170242
13017
23291
3805
49237
39775
25248
53699
7716
13291
21476
198725
97606
60389
117266
100130
65420
242856
5434
55989
11146
41552
26916
6496
5734
17237
10910
36751
34358
15830
74191
5251
53790
86223
20516
135140
13880
3461
54694
94951
50781
2931
40265
6410
4160
29850
1359
51186
19524
88129
5469
78296
20978
153534
27110
21315
11744
104595
51137
36117
5141
76417
18461
76328
28340
33930
19063
34605
54577
1349
43559
112269
14951
36959
26059
84846
4881
15703
17894
19286
50887
235703
2845
61862
300000
4614
1970
24183
76513
9393
34994
44571
105048
37833
15282
45485
28924
50928
21865
12633
31930
102837
17464
24753
93226
29933
49238
4682
67920
92071
49079
53528
7410
17248
33516
71610
1967
9345
182350
74466
115476
34238
8971
53341
65755
159728
73626
1876
18659
56779
22773
9291
27948
35183
8403
12567
65996
20612
10312
17082
115625
30054
46191
17336
53316
76342
58776
102707
19320
55813
152909
21636
97311
48810
14101
3753
96050
9511
48318
11368
24018
2623
7704
26420
26860
5463
50620
26221
55225
12117
57736
48616
33736
55341
87958
5086
183481
22136
16134
16715
2547
17539
6770
62206
9791
280510
240852
5573
51884
23030
3184
27075
108715
29180
157205
28774
52389
109091
6051
18929
16311
23271
9487
87808
19504
52986
85346
1174
35263
66728
30325
7072
15786
20078
36696
77242
93789
77306
50095
45863
36018
84301
133345
106659
38070
24454
31660
63026
5061
13904
14709
6722
6122
18396
5423
131652
26797
66317
33382
77040
15224
19237
20175
34512
13373
62101
8249
30031
37783
38661
17910
88455
56383
231947
238303
53539
120943
61795
4316
162420
81179
27086
2531
87829
41070
104123
3460
34505
131702
51799
6484
14440
15045
35774
36972
11924
14555
181367
40777
10138
111381
4283
65779
20288
1788
28055
108856
26598
1165
39395
8294
5731
11157
11123
4415
51076
50066
15324
49977
2408
83501
44695
58743
68439
118313
7711
33210
95944
1771
6519
95795
45522
119545
54603
13909
12541
11310
30437
37734
44628
165277
2740
18630
16949
44261
50046
66196
4872
1114
13736
68346
35006
73388
38212
11821
49916
27227
41799
11470
35089
14435
39826
27597
209319
163521
8543
2431
58307
3802
69663
82899
64320
103701
29124
16024
300000
152340
9742
47648
54552
27115
72400
33279
57936
21962
25480
4945
217135
26545
26928
12738
8774
29719
28782
3266
14846
43245
74596
97247
50653
2047
20195
84363
3756
30933
14979
13704
165353
33190
24679
33610
13424
24280
110266
45630
13276
21068
128354
12729
60042
29903
138332
22076
29185
4163
108670
47708
79964
20995
7244
8335
4066
17717
85665
79195
23730
85354
36336
22412
21653
50654
67187
8016
31764
11125
1633
21728
26305
45149
12388
9642
8881
25972
47475
22407
57170
6166
21280
29781
22011
106905
55047
25365
83531
39281
106425
40558
97456
26878
48718
21233
29802
47570
1492
114954
35525
8142
14882
45127
17747
13616
12249
10795
48724
90209
39490
25953
54476
33570
27089
47688
1803
37687
35468
121043
191625
20537
25377
9841
1834
2812
33623
77111
52200
62177
38416
109131
109948
56250
7265
41696
33886
20691
11912
76900
51700
22326
22814
17709
52681
114706
81953
28773
201948
33796
1073
193069
44100
109194
5401
51575
56943
150591
4232
42073
85095
20710
8695
29657
68354
86810
18392
103659
10001
16748
9408
10700
7953
39353
100946
36407
4290
88419
82256
26110
50487
83859
8283
27594
176498
14492
11355
47338
42330
28690
16557
40265
12963
25714
4002
16893
43985
13335
25847
186675
38937
52057
75951
37168
36620
4331
28544
3901
26894
72270
38302
29872
80654
33617
144258
23537
37904
1665
18232
10471
28446
67010
46155
16209
7075
61093
52296
216628
65187
16100
159328
31737
79108
75967
69466
17041
7419
29960
10058
1768
16722
27078
118122
58720
18250
48871
3078
21498
36962
56532
34469
38113
65079
15963
12144
25465
76992
2416
24934
132721
11865
46064
23097
75307
49889
4195
10193
47939
186452
52307
93988
5323
81638
32207
60153
12272
74690
73656
58161
90380
38221
3124
36556
32536
50080
64214
107055
12527
15286
74718
3960
15063
9900
10719
54358
3571
25617
134202
174428
2565
10833
46822
41863
29870
32226
19780
37519
89202
38401
24410
18813
3213
54272
39057
1638
31116
69510
52903
22273
49469
32347
2057
11567
34010
29721
30627
6943
31440
16286
11948
15774
12713
10359
52149
136965
33558
21041
1415
29660
26659
51771
19755
46229
3849
55435
21145
53691
8937
46326
24313
28853
76005
142404
34417
156543
57774
56150
88908
5259
29186
29118
46218
51869
33005
137262
55077
3928
48359
77970
5811
95207
145723
186784
9892
1864
19732
55917
62412
245570
2613
47472
2982
85717
108117
125989
11394
19957
44959
81990
6193
12406
4743
147878
169177
49975
39274
4082
47538
7607
35885
5799
12305
154628
55373
48817
68496
41119
29236
40464
42076
104429
119843
59575
48579
10811
8620
51194
14362
8761
6485
145281
13886
25550
7674
112356
67229
14966
82333
7680
102135
6746
64473
15851
40731
82013
2899
29942
105765
52961
82676
9745
31239
31403
68244
137872
75918
15482
142571
29562
44118
44465
92715
216368
64902
23922
45559
162454
279325
40013
212046
56018
115007
45448
28921
25484
66709
8814
63111
32242
10618
18375
2094
72723
22027
143929
32668
103097
9000
54318
22758
12324
15166
24944
32020
93428
26461
125411
30123
12422
54492
44158
59349
199434
36509
9346
10875
44755
10758
11284
79007
28251
37271
193496
58737
51884
9111
59856
195315
56706
74725
23225
60554
3149
32442
3575
41243
36355
96850
17270
48486
20273
37151
8472
3083
225839
154311
10455
17418
6280
50393
128667
102503
16961
2177
84299
35893
49724
40717
57829
20431
115937
25206
42134
28254
36372
2639
170141
1874
18721
87033
15081
7925
127023
106399
48254
24494
6922
20599
110172
30337
124422
73238
103043
75786
14413
143843
67136
5060
10733
4003
1833
125687
47680
57019
45974
29253
22790
44090
4478
159105
113561
50496
8903
12601
36781
77383
50163
44666
9821
132148
18391
84253
79254
136304
24741
94026
82160
8653
45135
19864
144403
50240
46327
7849
43120
7802
74529
47717
52968
54691
9848
99938
17666
2090
40157
26564
36157
85267
21957
31412
12519
4323
25390
34175
1955
33829
35274
43911
6312
98940
45078
98955
40525
80050
96495
105290
31687
100426
18644
28943
67722
116811
184991
62025
3769
33352
107574
132741
1490
4491
80823
40391
14741
65436
7241
68989
4624
80308
86979
3192
47820
9453
42082
9969
35018
109380
25996
23576
75163
44185
1620
11594
35673
9142
18680
34341
26245
48268
5869
69650
32852
131468
19929
300000
135979
2907
11512
147546
9938
10088
3894
125384
51769
156045
6450
13796
95936
55067
54215
51158
13442
5657
25526
44890
53723
32772
14897
50921
161991
36180
29051
10288
103914
65464
13230
6540
13395
14480
7524
80258
60029
75455
24820
122207
14813
142725
48103
51303
67392
5312
26015
18356
36491
170547
22055
14615
35678
39472
27550
11238
108065
104227
1968
100380
12419
14178
46550
28834
41320
37468
25047
44563
32222
89003
7753
32769
38360
20836
7378
19012
58416
40991
6064
15984
97304
33361
152798
20708
85145
6286
92270
8119
28574
58890
34242
25591
3066
59480
17456
18632
34038
40624
70316
53298
55783
73600
20979
22310
5192
170310
37361
38614
36051
39855
38504
11323
83716
12876
8870
60028
5078
38523
24669
72483
37569
35661
135556
59574
6889
3393
201386
17796
22740
83689
52414
51319
13895
47097
21596
38573
3087
73461
7618
44086
7040
79332
34602
65564
26589
5336
60353
22786
11728
9538
45473
21313
30754
100248
89053
64854
3937
135726
32093
29213
262173
32323
22424
89096
4556
45850
144441
249566
12060
3110
6462
31777
164857
20486
146591
62513
11802
57069
81699
3680
45013
86308
109028
9564
70556
4985
9450
69526
6511
17350
1499
25984
42559
28790
70339
34470
17995
16056
4419
41344
96848
86783
27756
32835
86644
153763
146598
54627
88303
30474
46659
21458
17512
16344
80844
44119
55910
41022
42414
25096
110573
67730
4605
27107
4454
8531
3575
22092
163392
11977
38844
69284
15521
92382
72922
20303
227203
6129
12518
38858
55341
28589
47492
8586
40293
94897
22172
2286
23001
22024
97590
41007
98578
18114
169572
53602
112140
15103
41785
15419
158266
161668
54838
61752
6815
1697
68039
13506
21516
53301
23265
24459
66586
17268
61391
66115
7882
20740
3092
12391
64631
5549
68301
7386
46365
138038
4835
20588
1508
66916
1625
4634
117001
56392
6430
9470
17116
61519
51522
9666
67692
64053
83320
44219
120489
22938
9983
85404
24118
11661
25819
18888
53155
13669
7353
34565
19050
21738
105451
37833
8345
12105
75163
32388
32607
4052
19332
65339
4311
25226
14766
135441
220991
25885
94827
9054
10101
31835
94358
103608
7251
58559
10958
38271
31026
29080
21871
3156
14775
24580
30746
4588
26038
8825
54048
54725
33470
1361
55680
3748
28381
48763
40517
71784
71038
1080
30769
50569
4144
45023
18429
28534
43713
33690
19802
2478
10885
22215
20732
139350
19597
30380
47065
66910
51148
5355
65662
9438
156651
2395
3345
94306
7527
198869
137534
27926
51228
49592
83492
28334
63872
6085
50484
10271
7634
17721
31016
57020
67485
14300
37833
79068
25542
21666
7184
26922
8562
48827
19089
55971
117222
18733
7214
3063
22241
189422
36626
46867
7276
29475
3724
3270
59669
13607
32757
10004
17276
8577
59261
28980
28064
102971
12533
105587
37041
98281
36429
162976
20671
30317
36708
67292
9834
15654
80424
103532
24516
11158
29151
11308
9473
100869
14515
143934
68512
36475
52271
56508
12792
24527
10292
100632
126505
87742
35723
3647
113583
5557
113910
139129
15081
258233
116818
5190
29350
2673
34353
18285
84701
64820
81389
19828
115521
30588
13539
16738
44411
1804
27256
133527
80748
124999
56998
100492
32536
125822
14357
3919
6310
13281
41796
3630
206839
141184
75712
71885
63415
11413
5161
39769
91866
45358
195469
7179
23190
14939
17024
10174
98000
21731
2916
155612
20688
3729
51030
16772
76917
20159
4898
34854
31397
47738
123797
53188
81754
17206
16003
300000
84412
56202
52221
1417
17091
83540
73944
28951
114590
40660
28871
26437
10101
86550
45825
50842
205376
92255
76689
76492
4303
24873
39760
6203
4124
46412
67485
44471
10257
6274
288987
7446
104936
108137
73160
8856
140360
29262
44205
16108
13621
34955
29714
184650
89943
39412
18016
25959
25981
24888
105449
133478
19484
10025
24409
36138
30291
127238
16080
3229
52536
43615
86045
46561
99725
74271
7127
67806
16950
37550
19508
2498
87565
13989
28019
111011
8618
49391
112395
51640
58728
54742
5717
48724
97189
45679
89597
18290
34481
19957
1309
18086
125225
79766
175477
9565
24577
77107
25802
4931
56505
54318
46898
4934
13306
14038
68207
38594
27556
74302
36638
78356
49747
36145
68430
14801
81720
121795
110148
52865
40075
53281
15200
22501
5912
118234
86803
15870
26123
25493
9460
47512
3580
41470
8150
103518
52546
79860
121551
146302
95574
25865
51614
48424
141145
52408
11419
2233
97701
21241
147829
24770
2215
2466
36417
3102
80790
16287
22348
41814
45717
32036
153716
24221
19078
77967
8157
70606
54586
73966
14548
14129
23329
44172
25564
178646
125666
4550
39902
8016
51138
10353
38770
45654
116433
67954
9535
34069
6840
227714
20471
44156
44834
45508
54083
74079
86860
34881
106608
172279
1523
161951
1591
132583
45710
139197
33695
11628
11226
170647
28095
6657
13296
48652
12013
19151
9055
21705
100685
43429
6085
13023
40067
115154
29461
88477
33432
16912
152170
9437
3832
5710
37948
38890
22199
87739
48397
7841
3010
130247
50032
8915
34896
89841
28306
17175
32148
12200
68744
61065
75928
79120
186467
91865
105020
48685
71466
70696
36000
22363
82305
89411
27479
74593
196476
4711
11481
65348
28607
2363
31339
44337
21778
17370
10989
175030
18733
15116
4053
70469
47696
11866
16278
85662
20457
27721
20411
62178
6390
2545
20925
17901
7061
5677
32543
98033
45760
74368
20703
14348
78792
6320
3114
24902
29757
100253
72593
45050
71099
36907
126950
124291
45513
9996
3425
4390
36411
3407
7519
1945
11036
23270
66849
23448
6382
6639
94268
29403
12149
21415
71742
95774
7445
55190
21166
12205
3403
6270
34741
33853
28487
12906
9360
5794
162360
22878
13914
159250
17586
4308
41262
72001
22102
35591
11071
17542
60458
56708
6336
2910
81156
126179
2287
220167
10283
245727
3880
116966
99635
20427
6285
53204
43506
23944
25822
31926
77269
30077
29179
20266
27406
51240
32304
89316
78584
132214
71423
66139
27579
10092
60985
171927
15240
300000
10642
36364
7070
64612
32123
51047
11490
16057
29358
150562
43330
74196
73432
91687
151807
16677
6355
193488
11922
37319
6090
33220
25103
27011
68171
18480
128240
19998
42954
60216
36211
6213
15973
82854
4924
108428
5387
16601
42677
14764
41605
29555
6680
43937
49954
152439
6231
109302
7045
41279
30601
14717
2977
3618
80521
127507
9497
28017
26133
11239
30911
75893
88229
139450
9281
6646
23280
28472
136858
168438
46141
63194
9202
44212
151928
80617
102879
35027
37997
25816
4169
5961
111673
2694
100204
50685
300000
101890
119565
13098
8794
23894
65666
12141
242341
92938
55715
155112
8780
121603
27829
8098
25447
13347
10549
58919
140833
30855
75052
66118
149379
13130
58206
21371
23114
27023
60080
37651
30845
9655
40357
13478
63544
12424
97157
86593
18524
19288
69541
17174
31113
1861
15837
89005
19531
4466
77979
24236
41354
39740
131853
11358
94592
56618
8257
90611
82061
4055
15831
20511
12494
12698
26460
23009
7266
8874
77565
38606
18904
109791
32987
75681
45348
62047
17686
28211
1283
205664
26643
11032
6501
33002
2962
40727
61589
11016
4728
11858
14388
7919
109372
22162
83993
79061
26753
16038
78857
178315
36238
58919
179907
16302
45301
43974
57226
55782
22586
240994
13604
14914
26311
47477
171751
40800
219329
41584
2871
39098
140372
14079
38586
35622
100622
38334
26196
68850
88557
33462
101012
42017
4033
58283
55701
120593
4912
64320
47242
20543
89836
8444
10051
1937
3724
3679
99266
138216
15908
150962
26506
81164
209945
9250
66669
15521
96188
1376
82725
24883
35574
32786
25450
50719
128585
1976
12275
24470
36927
9909
25519
47710
219749
14488
37522
101080
41678
108872
4600
100899
9735
22057
101505
62107
51444
25223
4155
2827
77509
97951
43240
3669
81816
93655
21349
22680
20397
51562
48198
71910
55604
12858
43551
15701
51344
54931
102848
70442
4243
41501
70958
21166
15213
23641
83571
8802
55019
6260
120547
16226
21507
67318
63749
36376
15507
40596
76273
181611
64763
83295
30341
65040
48249
18497
60242
2030
39133
20033
33460
72614
47762
22059
18629
9378
128609
55608
65345
18596
48156
4631
95402
157836
8467
119627
46415
58860
10939
25276
12229
5532
83766
3412
11676
9322
201822
192296
57885
48809
74626
25635
2862
19508
91893
42800
2698
21964
21672
97765
13740
32136
9421
98389
30320
28192
6138
5975
120568
70711
36480
14431
80582
73198
16909
11459
16709
14164
53506
86413
9621
67386
3397
125384
2625
8355
53102
139386
4956
73500
45289
8361
152783
8780
34273
7024
16840
47108
89579
30978
39036
12363
59035
92851
10036
7354
27709
106991
69594
111823
8667
12592
88615
75366
56613
34525
18213
9176
26639
4538
14538
45963
26867
53078
61284
98729
94914
99488
48078
14319
31270
29170
7660
7467
66785
16788
22374
35210
96429
14063
135990
16629
8226
1718
165391
26036
83519
2301
44762
13996
17650
84058
43776
70043
44509
182293
12240
47793
1489
47245
98538
1448
151253
19120
64312
23899
3185
18806
5856
8049
35716
30240
42760
67446
58497
51219
59759
45746
26964
29101
28392
77991
27704
17054
65512
28072
199872
127891
45747
1819
6469
57158
1671
87855
31696
22644
81223
102077
21968
105912
28590
57336
59114
7062
206690
74813
2573
62428
97648
20604
11281
50725
36424
29867
11662
113856
76454
15396
1445
102810
15026
24077
51461
18414
19131
3672
35715
40357
145340
24234
68384
22613
4740
18503
44926
22296
4191
38788
80462
76498
16107
47190
17843
18129
69762
118066
32547
67906
73272
31236
45462
181808
88852
7539
1679
37218
8582
182818
12589
95601
20863
21275
58105
22597
185459
11217
84420
1499
28516
91571
19906
38126
16440
179566
227889
42357
50846
2071
71222
11865
32761
56331
1186
71465
32907
140343
47860
48016
12565
66606
26565
7120
77851
29565
46062
58326
24889
50002
77460
78414
229974
177810
59236
36387
10098
35213
15194
81784
15876
9973
31263
10662
31426
108282
55399
6636
146826
10767
28956
43964
89979
10929
72920
84184
27087
111926
60964
13273
52868
22031
33443
20342
76601
12533
2895
124652
63851
22906
4455
85514
6251
43856
118038
36607
2714
27450
21364
45099
61814
11470
8366
33526
59347
11093
13668
35775
6543
24516
42691
126921
2066
31115
1653
73702
79960
32669
42885
26282
72396
104851
56164
47775
29778
11293
3207
56264
47523
4797
148314
20672
17124
61122
12010
78323
1660
34259
42796
7032
77253
83353
36436
48837
9179
22413
7137
27918
40329
25752
7273
85901
6300
38453
83851
19904
84217
18328
40295
155844
93799
39862
34025
45533
64653
36299
98756
58225
74063
2673
17232
162685
54530
224769
15322
118478
26145
81347
40054
146632
38727
34983
13235
103358
32225
112291
54655
5317
29346
169066
80745
70509
70694
36669
43606
63485
68696
51725
52880
80600
43656
54607
17362
39922
40552
36177
3293
3652
6717
100955
83830
158174
39208
43998
39661
21357
91578
26249
30533
18727
30159
58495
5270
76790
1724
15409
120453
23794
59123
50497
9080
4003
51010
54740
2889
95179
69342
57167
10128
10902
101196
2747
88366
9445
37702
56441
128498
1495
20042
49147
22101
203924
11341
1905
5842
47284
64291
27751
20040
59378
40261
1065
23807
5823
181542
12142
66586
10412
34289
2136
4773
66663
116804
25513
4668
62517
14240
15396
16162
28151
11833
2604
36451
102883
60948
3278
29881
3126
6791
44689
2575
86916
104423
49834
8442
3423
30926
6723
23988
21261
223710
60008
46128
61893
43159
24507
40772
17930
31469
117452
81446
1723
1117
22761
61565
27355
12305
158779
5366
8854
10386
29289
38770
5460
68974
9087
21003
6396
15810
10520
96909
45214
24828
117011
54887
35402
202252
1898
41214
11505
46594
72056
4878
16302
19293
20386
26924
45150
17266
41269
7741
13546
22041
12826
165140
185145
49245
75402
16138
47213
3683
5493
10428
65855
6929
9257
26423
93802
144947
71826
5107
10404
11640
3175
15510
8457
42163
14317
196518
130462
2507
2063
39675
109425
27615
21635
19800
21047
31325
63548
2562
2298
9314
31639
103111
6421
46342
108177
27846
74636
6613
44386
47672
2263
5694
14568
30693
2475
26839
5483
74088
34702
58771
39657
15677
21261
58975
24125
141511
25022
34141
25583
12892
57716
3833
65620
29048
20693
123179
300000
141907
6906
47612
73220
67151
51846
41036
20564
35527
105869
13119
67318
66557
24638
10518
26826
71716
22815
44982
11883
53774
109924
155265
13968
10867
81792
109595
54026
21702
32079
44943
114131
111082
207897
74898
52851
52859
107823
16564
13858
10140
77733
23171
125434
24930
6544
18081
37886
15829
31709
40927
49940
29919
51139
58591
88350
24571
61495
104637
10912
1411
7766
42208
65440
28680
33169
14542
198761
16157
167692
40900
6126
39031
13446
96168
10845
13316
128283
1320
37861
16326
124298
62203
137606
31770
70209
19669
28352
41772
30130
77313
36241
44323
26505
82638
21119
24271
39466
16084
12193
125919
58005
6237
26173
183626
2643
12476
44161
34797
35454
53971
52184
137649
4314
1975
1546
86237
84867
95184
23423
36863
22130
6373
249631
17945
40014
15891
77508
27598
88661
1767
6082
21838
5300
51145
96961
111387
4753
65013
30891
40507
78192
86589
35538
25142
60932
3457
31193
34473
33679
273654
97946
25600
54952
16607
42038
44792
30326
120637
7075
1784
153165
133523
8441
10279
41518
36030
68939
7381
13024
149585
21339
55878
46282
9209
107284
22179
71849
75814
24406
177446
110207
9007
77581
87979
87558
109977
93345
15734
89087
68981
74886
98558
79656
53375
22174
60300
30627
121451
84411
4303
109851
11378
52549
11017
30749
65792
35295
5512
4159
28003
19099
36670
32035
146409
33385
11299
78159
37626
2887
65508
186609
4241
34012
71343
26088
33925
114052
105019
7980
90838
55426
28804
18143
74451
7115
33092
40406
48737
8659
11837
85219
73674
64526
18075
61869
72051
29115
8557
37000
5438
57381
6920
84248
86219
9302
18764
105237
6837
80104
29342
90510
21211
3607
28675
13021
9824
55331
21202
17670
13299
23459
17120
96878
49167
118838
6946
9585
46152
16410
10800
49616
70078
95156
116810
34051
17872
11854
3522
5161
20882
86756
50215
11775
45842
31558
2797
9133
14942
18693
51330
41140
89997
17855
95128
14045
50722
37244
68954
1224
49569
59993
43111
67935
1525
26905
18760
89487
11001
17427
31000
34321
14878
69533
2894
12474
26090
28600
24218
85573
31054
58600
8542
71006
52695
5387
28768
35949
57846
117165
15072
103935
45079
66009
26091
180660
20616
12107
53847
12252
36983
28379
85255
44454
150012
41571
32195
20687
16576
21663
22702
42285
31478
59913
157004
19291
78653
63454
65825
75870
16403
50648
71915
69066
6893
65932
94433
11874
56716
149577
98791
55669
36781
127768
128255
9559
15260
84302
7212
41186
2642
121329
3960
6586
4381
71502
21428
12744
78610
2896
12406
15524
11752
17947
134392
106170
25790
2848
4299
26472
21079
26752
88573
45937
6816
47218
4216
168072
20634
21909
47940
13037
1941
6522
5211
142103
8712
46810
8181
9931
52017
120036
3345
15082
22632
15979
56284
52445
92682
9501
2876
40552
43405
92353
1934
107051
70653
2684
57219
47281
98705
48340
23903
84115
127579
27858
8947
32188
149539
10307
49647
18367
7351
90953
160825
30538
3722
15210
50336
16373
11977
42796
26095
11421
59008
33540
35976
3126
118113
66929
241042
86440
48424
120227
74780
27461
5859
41398
20613
105869
9284
10146
24534
114864
65970
42229
11184
64495
40850
14495
148991
21739
173423
118804
143438
21746
12360
35076
4937
31503
72109
43118
8653
21979
31538
36883
9602
78872
26564
18210
63402
43142
89576
105673
68011
6456
18478
93766
33626
73555
17018
141277
19271
13539
21473
29675
24573
17930
28349
10744
1483
32482
64920
47188
42990
265662
1719
4462
35198
37172
24661
32064
5652
41823
67753
20266
9491
13568
99060
8200
22303
2808
11467
101238
16344
7524
31973
26139
47947
20763
83359
67989
6774
48537
61660
38178
87144
33887
116591
15571
68914
91634
83239
52924
91435
71168
23620
5842
24075
56476
9680
67455
83158
150861
11060
107703
4868
121326
11017
78955
89173
60197
11699
16098
58097
104183
53335
50651
24879
8504
55124
16203
7795
98970
4635
44786
28144
58417
68523
63399
28465
1566
17741
95216
80371
16968
7498
160995
6340
7099
9055
22872
18283
30272
93019
14344
7675
9026
7294
77542
30775
58004
16267
67789
29623
1734
13492
22864
67877
1491
3053
7632
20935
69493
12911
45853
95868
2789
11467
4773
30581
239064
17375
2569
68265
94324
7733
9394
24559
32568
93264
7317
26144
40828
5247
4085
33001
19930
12563
11614
21366
24483
77261
9461
20301
3350
58031
4796
135354
3656
29665
30402
24727
10043
46796
7992
7434
77037
42691
6955
16467
59122
9087
10767
102400
15555
24905
96124
31828
53291
20701
129573
4879
8228
4979
14035
7951
21524
90020
22234
17818
144323
2098
144860
29075
21905
15442
57026
202267
7408
30402
5337
106319
21170
55341
9543
22949
59128
129071
11939
92174
8173
174437
13236
4543
34643
85515
22945
162283
37666
15021
19667
6127
123238
22953
61129
10038
25267
94057
13888
73077
24804
18560
31718
21316
39422
5818
92655
59997
44499
20725
30013
44949
92267
52175
66217
105682
47061
10756
6345
20404
33477
36144
62693
110285
16236
17883
82452
40405
68294
70802
56778
106547
49478
171060
94524
28415
4114
32486
17731
28986
27029
77350
17438
93396
22995
26078
76324
1660
26391
37307
112041
64816
36028
14884
4219
12739
27502
53512
104462
4365
25380
54742
5532
77040
93466
51791
146980
49669
75318
62506
75765
18866
130035
28382
15801
75565
45614
11906
55644
173839
264325
7564
3172
21959
169585
73301
86648
63018
33985
29011
20157
40523
98050
50556
129021
22194
57671
9878
300000
33519
10423
29770
162619
19322
44181
33056
83685
31563
72219
26119
30454
44711
14598
25397
87193
51901
11028
2798
68070
12486
74152
65640
37456
121667
68708
21628
69882
5482
100402
153217
40527
3250
59853
43951
22990
68256
13433
82944
30774
13626
29606
35215
35779
38382
14294
37323
7232
64095
63218
2294
27065
16643
17039
15571
15116
40458
105507
10510
3256
4589
103204
77117
28891
68849
18289
75252
5939
59100
45781
52965
58547
27045
24121
5575
23360
136130
13844
79566
4968
25031
5250
18716
11832
47729
10069
10356
85391
35985
26887
82955
76325
110627
36770
101397
9439
87231
16632
59740
44231
4414
38072
7088
2724
116637
26958
164852
7292
10626
2761
28382
18942
12173
14342
95566
19849
24406
3574
9288
4816
48518
38475
85531
96337
67599
36186
94858
30170
79348
26134
244980
27643
172798
15210
4226
18580
55066
5756
39846
64851
24627
180441
6900
96996
39240
167668
17115
80420
20684
43938
16404
5011
27002
20798
26417
95739
2787
107116
38625
230171
92882
11701
13437
4314
60709
68724
48247
1410
128310
237112
135397
43977
33891
19434
7992
30053
24027
10297
65032
18542
206774
156121
58158
25166
21434
22087
1676
2033
22423
23985
4586
86735
19222
39746
2493
86816
73927
5883
18173
25996
15910
93173
9748
2990
46830
23992
8966
23394
159592
22390
28115
43767
8338
16390
276775
35993
58051
68771
11223
12499
23245
50319
168793
36059
28089
48535
2176
38252
2891
108920
59896
31065
91606
9993
8664
21684
23553
271850
4706
34396
43531
15877
35988
220775
109658
33652
2548
25833
31171
26312
128149
32964
98483
53832
192948
51186
13001
11020
18775
28818
11834
31626
50669
44764
30745
195692
19573
33333
39145
2230
5265
1690
65177
88489
8464
38023
44912
35591
29946
111568
36703
85131
54911
24784
122596
60716
53015
27142
34870
74277
43828
18341
24586
27227
8456
13192
42516
43171
7669
8471
26311
45219
39269
48640
22676
70975
5723
57950
168778
39241
5185
13494
12829
126131
18795
105581
60811
72406
153049
129582
18946
12881
22888
67698
82300
34912
85686
39129
11439
300000
17993
94608
16214
27882
20859
78655
115883
42087
180070
5442
36447
48752
1447
21829
60774
36679
21750
73814
11576
5756
8643
8086
10846
84599
84821
22618
20856
3043
70873
52639
23572
30582
50488
16301
28215
12954
101632
16940
14336
73932
12020
58717
46925
11294
14278
6868
13702
13988
74945
22441
59982
56203
15058
116319
17908
30112
70636
66172
64348
49262
178067
71770
3488
85201
1853
15665
7606
17008
30793
36282
43791
28985
29197
115700
16501
8598
18120
5441
96174
12492
230404
171851
119314
57129
49528
46725
268783
50331
43292
4965
13627
15590
33352
84505
44939
69725
135591
36533
108095
71987
62786
105447
22180
29542
52685
79274
19723
14850
22525
92566
16818
19483
25633
10574
36898
43640
7016
75709
34879
76404
12475
67060
39939
23815
59187
76401
16288
11475
131517
29082
8811
94310
27624
22222
2375
38884
19861
51714
52032
2555
12377
6753
18395
56978
14452
2239
55190
43028
76315
66254
39635
37071
55634
7105
3475
26670
19266
37192
4124
54040
74168
17700
15450
119443
60135
39851
50417
30613
10844
59099
4793
17496
7044
3617
2739
64606
9904
104857
112204
28029
12751
34460
93680
24814
6812
91180
44537
49691
16696
1411
56397
9450
120324
6801
18652
300000
84531
29962
21357
45563
3007
269222
23581
21024
25496
102247
10362
37699
22430
63235
41219
6459
46782
49660
2058
4725
43238
21335
76997
37133
15809
13494
27137
43855
73658
154081
88340
99431
11241
102392
85740
90807
178793
63445
13202
63955
4658
128540
13622
37973
31297
7924
22707
27332
84647
20753
24760
50244
62182
56744
25203
38445
31994
11632
85620
18078
88798
134743
68180
31335
65503
75000
20843
62502
86299
16257
23677
73968
12052
61201
13389
1262
8820
2389
187120
216843
3815
34344
88204
94887
44295
25095
29502
100353
3743
119885
68257
28334
14045
21785
14418
192620
170385
36447
96051
3421
4512
5197
31112
24713
11693
27429
45450
32985
26316
15889
238334
185130
7988
31723
65421
68009
67087
15168
29526
30163
118299
60623
72265
113441
98322
22044
33771
13529
30292
9869
19755
54122
23429
42814
20644
20351
18004
55739
69697
195930
28380
49165
85222
201824
13108
66668
75953
38340
133339
27916
24716
2963
29346
20304
13513
72068
136327
53684
19962
93995
35080
63936
151409
110900
1408
23208
57112
87772
69680
13870
12063
6919
3757
30290
101653
35061
55402
20950
17346
1767
195911
5560
170614
56360
25488
47913
11363
30623
49791
2596
13592
34791
29332
1299
71701
18193
5658
14969
8896
7404
26464
3401
14933
5091
61577
79193
123441
46248
3204
82772
86865
5815
17941
6982
6156
85789
57807
16396
26189
74689
39902
7504
22236
6845
38151
4774
23070
5625
98541
109151
31630
11304
89240
1208
24380
20825
49664
58608
93905
84747
4226
33380
5377
14965
62813
30908
50112
91966
184808
1306
10164
80773
41950
32236
20369
20793
8710
244231
43728
23625
11446
48111
32133
10084
62467
103553
13797
10780
1995
30972
10065
5522
76926
15574
48057
109707
153361
166150
6260
107660
102547
4452
8396
72743
2552
8458
15049
24828
7828
41451
1318
97059
84037
68165
15456
136756
33995
131622
84502
78570
8553
86784
37210
18587
21174
42101
83502
3768
106548
113431
300000
24246
7477
23395
193398
17692
11438
9751
17535
30240
19777
179632
15914
64860
14880
218575
143810
29882
2974
28029
18095
13761
7844
60524
15295
125808
36585
186629
44432
72532
11443
13268
19532
11954
19075
8894
44657
48900
4862
8726
19873
24000
101383
12297
50091
187091
48389
54143
19537
66630
28626
5880
36669
129565
20987
20885
22932
15017
12902
168663
3900
60213
47292
48785
9186
43828
45573
9587
61330
81794
60065
7298
50050
8217
8357
44169
105332
87950
93272
104436
46288
30307
5815
19814
28200
12346
37243
78487
181273
11747
64890
7779
27988
8462
37207
30799
133681
17896
11706
28441
8969
29097
159604
4227
6170
30510
10160
53613
26729
31500
46548
91665
23701
99152
53701
28070
28576
26737
268202
6658
22999
47351
82738
26282
34423
1370
73513
87569
64357
161820
67627
19654
5611
10791
7317
6214
1770
42363
43189
48019
31421
5747
91445
89715
69518
10552
79057
87015
39841
165919
60977
43341
31318
1781
21694
201325
18414
11609
103059
33686
7132
28506
127542
17094
140884
8709
10333
56036
77171
15135
44759
14694
12228
21963
53816
3486
16245
70828
75424
102880
14327
7702
22084
98009
119821
4027
19763
48048
17690
22090
25773
99349
29312
8845
102167
33846
33484
88988
25523
24793
28659
44930
27755
5660
3185
75573
35631
78874
3511
51564
70455
7723
2391
56865
10879
101164
54197
58112
20430
17266
210739
20831
86866
15942
1660
14999
86476
46772
59911
40885
33162
204307
33402
5526
197997
2568
34652
114836
13979
13514
16896
18244
50413
42930
21722
11941
23748
5059
24221
25805
12730
12261
71187
108237
14611
23044
91535
23783
142944
134585
237736
5523
64727
39077
58615
36702
10823
106507
18692
60284
16669
33421
23831
30967
66307
52630
108816
11833
21190
30956
96476
1727
7377
18833
33590
46337
110376
5859
73564
47656
48195
12430
31912
19570
41584
76721
46300
41378
96243
78745
2292
108451
27353
38324
33624
39000
84743
47165
20247
62853
101931
39225
140000
10088
81692
29514
7391
26923
7482
30298
32621
11461
48227
14980
48627
197037
1628
41080
55538
74042
9621
17867
14474
62122
114656
38474
23730
61024
28693
29954
36944
17196
39106
42071
35584
108574
44269
10995
7053
55399
60054
16483
7030
2596
53384
13078
43878
62171
27624
71393
43442
6709
26583
4520
79695
50309
16345
12950
32897
88223
171060
58153
99463
9862
72634
9926
20202
97291
1189
9876
52580
33419
40530
27515
14074
14302
11126
218652
131018
8491
20115
13911
81861
43337
5996
13627
9311
132904
5747
13022
14456
102406
29807
61801
49947
69418
13045
67412
7808
4420
36207
18780
14575
32455
28219
86721
43316
50173
153219
29545
6646
108558
45828
17894
30300
46069
22404
172436
2338
27450
30556
58046
81032
29417
79368
3002
57084
18678
48534
141884
64456
1530
61399
14602
49504
32133
3920
78380
130952
33264
3739
234462
127265
136932
18465
12443
1242
79773
16019
24792
86238
39824
8493
234181
8500
12499
11397
66069
8710
71340
39851
2261
10976
9878
11872
74743
14660
25884
69757
9981
42040
69320
52538
17244
12377
1740
91940
52254
18877
11431
9544
17350
100746
116507
26439
50862
36253
21570
8487
37916
16424
56083
23949
47323
104029
12041
30301
68205
158761
52240
35211
29008
30818
57850
50753
4900
84019
25565
42841
9417
5773
48113
12073
26090
2047
2796
37559
18404
147382
5926
6875
17913
14659
22744
90793
3579
203727
24111
11098
54003
5272
36370
2520
74476
45194
10270
62607
42011
90762
27080
40480
53205
60214
11103
80567
65421
150131
97939
17647
15719
117618
40474
38997
33633
31738
104016
11019
14708
8595
72914
23036
206695
242058
21852
142872
69254
91585
2047
2068
33065
21857
82106
10593
100500
87382
17612
91055
49864
125474
56670
27188
75852
17473
11898
3414
13521
30633
8516
33138
41945
26868
59451
60398
64194
6016
51103
50995
58558
57353
23355
15631
3337
98334
24027
11209
24052
76898
2000
9374
4083
54298
73486
90825
103242
2977
38888
36273
242306
18683
48929
77482
11393
24357
52488
32521
84812
10946
77323
5072
90695
4209
81572
23330
23231
69373
19011
1931
25244
16040
19547
48898
53679
62658
3416
3151
1868
3690
6030
68212
120930
21992
55314
113081
31226
20145
6267
55576
136173
2092
28742
23164
65531
41743
130701
149419
52050
2137
15682
23351
4145
82601
22582
46509
63508
31253
46012
53391
22149
90482
56468
14088
38500
2767
12636
17488
26037
31192
9578
40415
120537
15526
8913
105071
31281
44254
23701
26653
46485
85102
79450
4335
64990
11411
36500
3778
7188
8020
2345
5427
40369
15862
4498
15223
15853
185164
71732
7095
19482
71179
62422
77049
161150
19083
40380
77736
44899
3686
81188
119658
19678
6109
61753
11794
126300
13211
49029
41986
27538
26755
3150
145083
43378
34746
29925
194252
15981
3251
42434
18357
40201
8817
25740
203775
14685
41618
51101
89322
92048
25648
91298
8067
59461
119584
66896
35517
63903
44589
13220
29924
103719
10758
69781
187201
8790
46156
142507
35845
2849
43659
7671
16993
65123
17872
66610
53420
80287
56550
68246
82083
155093
120393
26518
41502
6532
111842
17171
152850
28717
90108
20828
32395
31193
74395
36596
101339
90456
101106
9484
59576
16034
8775
14719
5171
46626
107070
110709
6664
18414
12408
12311
77064
4665
3215
149980
18133
9389
15241
18912
19197
95253
8364
33592
26874
169187
35288
107832
28273
3068
90125
31899
16157
77939
8461
49935
78525
12700
15974
90498
75731
108455
159899
74202
48172
74352
30456
34726
14097
18923
44769
9843
48017
96233
76560
55624
14934
13271
65977
49558
30536
81713
18185
28744
61419
63236
57008
9932
176361
52912
15580
124752
60265
53987
16676
112256
7681
27674
21080
26112
49470
3724
2950
15927
80370
55349
8122
3060
86829
74849
6878
93035
15502
137735
30964
36223
104844
41472
44495
10044
44580
57483
12951
13288
12557
91551
3010
14811
1467
97305
163847
69977
20574
29177
165336
41726
75833
27372
9603
84882
6373
16333
59204
9411
136644
16816
55693
16837
47298
61394
22680
108421
3009
25781
58315
38015
17260
143370
2179
21292
23600
66947
87910
2287
16100
5124
32039
211167
25162
73840
139496
28961
8704
22315
28162
32411
13882
35636
16272
4650
15244
42758
82957
8738
33687
10598
58212
67854
5109
20087
47085
53283
114548
67029
66054
34165
31665
70220
39345
23773
33080
12632
48977
21291
7483
12024
61086
88188
14005
78463
12006
26711
99690
67335
43594
29368
23120
126341
13573
33795
40546
35244
133517
44338
36064
43920
50464
119005
129873
3981
66955
34171
60361
1555
24394
30946
3100
35382
227793
15803
86630
77653
136195
28231
16819
42781
62089
54862
4830
80012
12663
61338
4084
20836
16736
46440
10479
22910
5075
9068
54980
66227
37085
28284
128164
33833
74296
110567
34701
41917
95430
29116
128806
59421
3897
32732
32730
28420
58144
46719
26193
10567
52456
54629
20830
194605
20674
45315
59662
32636
17261
22169
16716
5040
35987
113979
130298
23724
24126
54244
35693
20141
72912
18317
97594
22564
7190
21944
105641
14485
11474
51186
35723
71305
46824
149397
21833
76547
134862
19463
169288
44298
118859
9079
89903
74261
76984
13897
49170
8547
109246
5088
19667
181599
41794
74732
9844
38103
25235
49745
9176
66111
24397
179077
7755
4248
153294
25507
97203
49630
57389
16301
60297
32078
1777
73636
131304
167227
12432
80059
23809
10347
75541
113221
8399
13535
60254
4463
18798
86395
11614
30939
3498
38728
19977
129741
78092
5021
34239
94030
4570
45903
3031
8656
12212
36370
1347
84492
109223
27029
73319
29594
9412
40643
21897
18479
33475
28072
87625
11029
79464
26564
45525
87600
11827
25871
1440
40574
35806
34098
59157
15920
32171
86520
77157
13780
70981
5642
100424
10474
99850
34084
67688
130173
28047
22223
25006
24482
182358
13685
32569
34921
109061
85653
8759
71249
83101
1611
58849
2514
27609
7612
245876
1820
12824
86718
22911
38672
26192
6723
31330
19365
4259
61433
14304
24088
103080
19713
42531
71899
56389
13212
53817
37300
3199
28004
4427
61241
13637
48548
38660
32142
116270
79024
11932
15040
33433
50362
67357
160595
1209
58246
31035
37862
8986
23602
46739
34816
44980
107870
126714
44349
8187
1725
32751
14445
20180
40225
10804
31377
34572
66517
122160
81098
25322
18004
28727
39576
83483
5854
27882
3058
189593
23462
98650
7385
179736
61409
16381
25218
2867
30706
74530
53329
38020
27053
27956
52776
73199
130637
249751
5737
160851
83784
2411
45769
48478
22535
49137
191658
70573
21991
23404
40526
65145
40886
20998
164449
60378
30508
70369
35247
21780
83358
27378
2526
22097
107498
19450
57037
63170
40573
127602
35956
18925
42942
14841
75307
77586
71779
2621
127107
18236
85646
44371
85180
4987
13780
104806
46921
33150
15565
37269
23875
23230
18467
13661
19179
52880
13200
3150
3379
25503
105794
22367
12252
56440
3381
4723
