81
78
76
69
129
70
56
128
85
128
78
109
48
80
108
91
74
80
81
89
92
70
64
105
97
71
83
73
80
60
92
100
117
82
77
109
58
99
54
75
88
82
120
89
112
55
73
116
146
64
194
80
85
106
47
125
91
80
113
44
86
85
46
107
127
102
91
65
148
114
50
65
119
115
188
70
67
56
39
91
124
57
60
89
93
118
68
113
49
82
81
76
72
57
87
119
61
89
57
88
86
101
92
100
135
77
53
108
56
127
69
99
97
178
109
76
57
73
52
107
60
75
107
56
94
95
112
49
50
86
77
197
51
49
64
71
161
69
54
72
112
50
123
102
69
78
49
96
76
71
101
62
50
55
108
64
104
60
76
61
100
62
65
91
78
119
75
89
73
111
115
71
80
64
112
86
56
121
99
131
49
42
65
62
68
96
57
69
71
53
52
87
60
112
65
126
65
113
41
84
143
135
61
92
75
83
81
63
94
100
63
80
60
57
158
81
126
101
79
83
125
60
92
47
96
84
69
127
70
68
59
62
74
63
61
91
58
77
38
137
66
51
54
100
84
80
107
77
90
55
3029
1742
6055
3252
2712
9166
2589
3242
1868
3944
5460
1806
1698
1393
2062
4634
2043
6663
1262
2471
2736
9960
6070
1209
1218
3426
3899
1657
3346
1842
6632
2947
5475
1982
3738
6897
3198
2684
5894
2722
1502
11506
1943
3225
5188
2865
4851
2718
3946
1418
1194
3100
1652
1147
1408
4080
3851
1594
2024
1273
1933
2139
3298
3524
3254
3799
1097
17720
9415
15643
2542
1386
1621
710
2311
6896
7058
1309
3038
3597
6011
2008
3667
2506
6657
8038
1883
2282
1065
3243
3303
10645
9891
3057
1164
1214
2532
6679
2120
2904
4555
1679
6372
3577
2343
2232
1082
4881
2948
1595
1619
11081
2686
10560
784
1819
1731
1037
4023
1576
6084
5008
2599
2709
10987
1811
3452
1219
8941
997
1771
5817
1543
1121
1277
1963
8178
4130
2001
9401
1009
2153
6676
1935
3527
8783
3287
4356
2228
5836
2716
7632
4106
1665
5821
2253
5795
3333
844
2274
5544
2435
4082
4246
5114
2552
3356
4938
3304
1168
1075
5137
2993
4447
1128
3415
7619
4631
8143
3082
1246
960
5130
1349
1698
4304
6644
5406
7735
3982
1242
2893
1304
2261
2030
2721
4902
2982
1087
4560
6930
1077
7764
3276
2539
1696
2182
1182
4142
8384
1421
1796
1136
1394
7147
6292
2072
1518
5084
2783
1563
2274
2768
3552
955
3108
1625
2092
2996
1524
1767
5887
874
1642
2546
3072
3414
6921
4948
4031
3041
1322
758
1451
3476
3351
3447
1461
2752
3115
2122
1355
1678
5545
4171
1604
2244
1296
3274
2774
840
3930
7835
11051
3926
2007
3076
11104
4968
5352
2065
1382
2553
2164
1469
5398
4387
6678
6608
1020
1697
1290
3573
1448
2019
2209
1185
1522
1972
2219
1934
3019
2196
3280
3381
2883
4988
2430
1495
873
2405
3880
6472
9066
1850
3650
942
6651
1105
1441
921
2417
6098
1767
2375
1205
1113
1535
2271
2057
1708
2042
3036
1525
2156
1501
4090
2442
4899
5132
3298
3656
1479
5391
2471
2992
1800
920
2959
1270
1157
838
3350
1289
2624
2333
1126
5470
4533
1705
1915
2511
3921
9070
5353
1106
2247
1281
4796
5017
1939
3493
1705
4763
825
14565
6118
1616
1314
5324
1233
2711
2018
5765
1588
1256
4977
5389
1726
1784
6395
1623
5488
3050
3479
2489
3089
4944
1668
1553
1858
1871
11508
2680
16218
1020
5012
1640
1861
1702
964
5039
3468
2307
1483
3543
1632
9131
6972
2139
3740
3256
3329
2066
1249
848
1184
8689
787
5102
2626
903
3517
1769
3487
1757
1503
3730
3679
2180
857
4335
1084
1170
2473
1332
5264
858
3056
7697
4776
3633
1348
2647
2271
7990
6984
1392
3164
8449
1067
2848
3679
2177
5847
2066
1929
1117
8389
2917
6462
5158
1096
4782
1722
5561
2097
8546
3811
5112
2562
7881
3307
2625
2165
2570
4105
6111
4037
1233
3597
2614
4806
2199
3263
1633
2877
2024
5732
1038
7548
2746
1486
2827
6403
1128
2490
2844
2389
1054
