865
1960
884
1305
2211
1260
1234
1595
1069
964
787
2254
1402
3777
874
801
1756
1116
3124
967
1243
937
1072
4023
2177
2299
1745
627
1146
1502
3475
824
2289
1026
847
1401
1581
741
995
1303
763
808
1058
939
709
915
745
1150
1400
755
2391
1074
678
1359
860
3197
663
1367
1178
1057
933
1046
1103
1277
1486
1110
1171
1591
1160
1451
1087
750
1077
1720
1529
2472
989
1174
2344
1395
847
1317
2047
1086
1542
812
608
896
1540
1276
1056
805
2032
1483
552
1433
810
976
832
849
623
2153
829
1466
1313
2149
2900
2598
757
1116
772
736
1333
993
910
1775
1898
1045
1106
747
1050
2568
1607
2984
1555
1668
1200
1655
3216
1269
1389
909
1519
1982
1000
892
3995
912
786
1717
840
1205
687
1097
4985
1192
1798
1776
1432
1343
611
855
615
1057
1016
1899
1415
1171
1681
1623
931
1152
1263
968
760
1228
1516
4055
1871
876
1688
2417
530
1206
2241
1023
1017
2009
2128
707
1139
1408
1654
852
868
1563
2082
1602
1350
2982
2231
3330
2312
1153
2231
1079
792
2998
1621
3091
1163
1377
1284
932
1037
710
838
801
857
1967
3134
1972
1753
780
974
2357
1399
1045
2699
685
2158
1188
943
1284
2332
1633
1005
1089
817
1596
1164
973
1079
2150
654
2015
859
1781
1269
928
1132
1464
1080
1408
1092
627
651
527
712
3218
554
888
2294
1048
917
1024
1361
1309
658
850
2573
1286
1826
828
1151
1060
2372
1704
584
946
886
1711
1426
2263
1054
847
1085
1562
1077
2452
765
2826
788
770
1207
1118
1417
2406
1582
884
1635
879
2788
969
2973
674
1126
767
2522
1502
1505
962
1067
726
900
1392
2512
4282
923
1920
1145
3965
1701
1005
1166
875
1937
1106
773
1062
1340
2585
1514
1791
820
2198
822
1733
1875
3904
1967
735
786
1161
1050
1107
1424
1139
3155
1172
2306
795
937
859
3616
1291
1295
1907
1898
1277
1439
1220
1389
1867
2723
1596
638
3455
1584
1265
1232
599
2394
1179
1352
928
857
1066
777
1132
2935
1483
3195
1130
775
1808
1542
1432
1202
2042
1469
925
1298
1204
1944
3094
539
831
1928
2335
1119
736
767
650
782
1125
1445
821
945
2742
722
718
2736
1506
3189
854
686
4792
1403
677
1784
2982
1195
2826
1740
1181
1459
1432
564
2032
788
613
1758
1145
1560
2644
1680
1296
1073
1807
593
1277
1302
1528
2243
911
2164
691
679
780
707
885
685
1085
1736
700
530
1750
1139
1178
1602
3030
1672
1062
1526
1420
1836
862
892
1825
783
1540
1001
931
815
900
1034
3099
1605
3042
1017
2043
687
2057
3343
1336
1138
1545
2727
1831
898
770
1201
1388
1525
3358
973
1174
1037
1277
852
681
824
1288
1873
699
1198
1052
981
3446
2690
747
1908
1465
871
1198
1957
2029
1999
1825
1326
2025
2262
1536
2488
1137
1858
2359
1150
909
1274
2369
1326
563
902
1813
1464
2136
1222
1492
730
1761
2011
778
810
844
1003
1562
716
850
894
828
1368
700
1180
1453
1444
2451
1825
1363
890
1958
1018
2084
2504
1172
1330
1151
746
3324
801
1010
746
903
1236
1173
756
1768
1374
860
2570
1432
953
1586
1059
2815
1374
1049
1200
1811
772
1598
1531
1237
1978
661
1121
2381
1445
2284
1204
2185
778
1836
1334
1129
894
976
945
886
5379
3413
3967
1616
1733
991
2467
652
2834
4044
2122
906
1533
975
829
2466
1816
1438
1720
2344
1379
867
2678
1356
832
1481
1362
2431
888
3545
1954
1147
893
1115
2039
1159
877
679
1072
1518
1188
943
1833
1270
1302
3945
4590
1573
1729
1166
723
832
796
1117
907
943
1841
2087
632
1542
1545
884
3671
3309
1146
772
2756
2778
659
1446
2487
789
573
2624
952
2215
1984
3017
982
1666
757
1346
2438
1033
1225
1241
1329
600
2295
1086
1139
853
1486
2343
567
949
3905
853
613
678
1048
1009
1386
1141
1106
2122
1069
2844
1346
936
2166
1537
1198
849
674
1791
1393
1137
1463
2100
689
2136
1094
832
859
576
4161
2032
1358
1568
1114
1793
934
1830
1022
997
2914
1047
1667
783
1847
1461
762
3971
1451
799
1058
943
5461
1565
1238
1318
900
1635
1206
6694
2502
3793
1327
1779
1277
997
2759
1056
878
1439
2489
1251
1273
1695
1243
1146
612
3440
1821
1120
1320
1315
1651
769
3399
873
1211
940
1286
1652
906
2141
2475
836
2102
1225
2800
2015
990
902
1778
753
682
973
1355
2221
1403
982
1197
1090
2640
855
697
1097
623
839
1620
1659
965
3087
1857
959
864
718
656
2716
1095
2563
1271
991
789
872
1718
2802
912
978
1349
1179
1868
1119
678
737
1023
1195
1114
1123
1251
937
1560
1823
1996
1406
710
664
1914
1145
945
1145
1525
5292
675
1697
1590
835
1028
1219
997
2390
1799
1034
830
1267
960
2426
2372
1193
1952
960
1047
1535
2878
972
1132
775
646
1846
1173
1327
2081
820
893
1704
1335
1132
1725
1680
1345
2283
2295
1628
1891
773
871
2602
1388
1136
1930
1569
2073
866
1126
1946
1590
1041
1589
1046
2247
1798
868
875
727
1833
2341
1388
831
957
1757
1059
1498
1979
716
2169
2011
1692
996
1489
786
673
2032
1528
574
988
807
722
1049
705
1105
1810
1144
1226
1238
1440
762
1179
1729
1202
1237
2034
1374
930
1122
1134
765
570
2175
960
1343
1882
873
1496
1426
805
1424
1236
885
729
1685
3689
786
550
859
1188
2381
682
1096
1531
1714
2517
1035
2034
3722
2303
646
1549
2485
1559
1320
922
852
654
1573
1211
590
1613
