4823
2350
7678
1036
5498
11738
4642
15189
1569
35985
8126
10463
2401
11982
15516
13509
9157
6858
3049
11687
9604
9064
16309
5842
2924
14708
12309
1493
6564
6995
25730
9463
2266
6568
10350
6557
16776
5003
2297
1535
11181
19074
10173
7205
4508
8557
19191
1716
3732
32973
9047
1493
18014
1903
5462
4424
3883
1317
16339
3375
3513
8544
4270
3042
8197
1645
9837
10193
1212
5012
5259
1168
25495
2174
18965
3748
1011
11006
12260
1429
8521
2794
12563
12114
3206
15459
8123
1486
8099
20268
8718
21348
8841
13430
1789
4701
1513
10969
7384
1255
996
6114
6284
5239
2729
2909
4482
12606
1454
16772
7015
4071
9645
17296
15964
2613
11578
17120
4597
8408
1678
6200
1034
14090
2598
13796
20202
3408
20048
2372
18711
18506
15544
9096
7111
6212
3639
5930
2818
21779
20509
32686
1935
12408
6219
2503
3170
5828
22448
51570
5124
2949
3448
6289
1040
24655
1031
15674
5905
15004
7171
6352
8145
3735
6235
1473
7851
7673
10488
2023
7321
8762
19520
10802
5919
3250
55605
1203
29811
8442
9743
7561
4725
12375
32425
1580
2861
10770
1105
12932
7159
6535
23814
12080
26566
1815
25541
4486
4871
7075
13446
3321
10990
7164
2117
3444
24244
11341
3641
4252
20209
966
5732
11079
8916
11117
6676
8581
4148
6713
3329
24441
13594
2356
9302
2268
1365
4643
9060
2771
954
3738
9466
12523
11687
8738
22094
3829
4848
1887
1779
1512
9232
16667
5617
23722
8148
1924
1072
2293
7099
2944
10862
38814
10372
10135
17487
14426
1283
6559
4437
8891
5650
1552
15847
13249
2387
4217
9527
4783
14060
6318
11037
4664
1416
1801
7271
8466
15313
18649
1923
12199
18178
2713
8112
5692
4573
18561
1285
7275
5990
9982
8013
7351
6934
6500
3695
9478
13658
15382
3292
3556
5756
5358
5252
2943
16483
1784
18782
23044
7432
13618
14618
5359
8141
6357
14767
3932
15516
9036
1565
8024
3835
19423
5268
5161
18575
8833
4196
7872
10595
5444
17775
1383
9942
5431
7949
7750
14605
10188
3064
1429
11587
3626
8216
10376
2663
7915
9429
5966
7243
24750
26774
6757
943
1585
1062
3327
1506
2642
878
11786
5668
12366
4915
2671
9885
14625
48794
8183
4621
13283
4573
2914
1886
9421
6065
4357
3225
12356
9515
5126
2999
3858
3668
20018
8979
3830
2881
4185
5927
3846
6295
3759
13828
13540
7001
4175
5051
2189
7426
4123
2850
2010
10472
1087
11606
1753
7442
12290
905
4999
5991
4515
10479
1241
1822
2282
7373
9078
12484
13825
7603
13117
6690
14064
24528
2010
5537
4786
20085
10463
10458
7758
18908
1779
2301
9431
1763
11049
12854
4344
4411
1404
21066
16970
5522
10134
3758
21630
1786
8088
7341
3619
5950
3490
1289
13550
3872
9383
2587
10170
7251
13750
13286
25830
20550
4577
6154
4893
9438
5586
7948
8657
3780
1758
5131
36360
5489
39140
7914
11073
12927
2302
3102
9737
822
7546
7797
19996
3756
5282
5502
4666
1971
5374
9679
24411
12093
2767
12103
2273
8061
24296
6433
9083
2380
6609
1366
1370
3310
1202
8011
2853
4153
1447
6951
7201
20205
6624
8603
9188
10864
7479
12871
7360
4187
15003
8599
2741
16908
17256
14328
3845
25030
8983
7290
4396
10845
28286
19419
20688
9471
5305
28727
16853
4205
4263
11377
7720
4493
3621
1638
4574
5378
5321
2660
5660
13532
16662
19798
9172
16672
1408
9675
16638
2367
7923
1946
9105
8466
866
2857
4283
2555
9429
9212
6609
1110
10883
21387
12566
9199
10029
16697
1126
9170
788
3263
12563
3590
6794
29424
8533
1304
8287
2783
3490
5444
3072
2750
3121
8423
4987
2052
34396
10340
2423
2359
12638
1356
1335
7884
5304
10461
3657
3822
6734
17941
1951
5451
2253
45598
12494
2164
12305
1568
1236
2312
23119
4726
11668
20387
17096
2470
15057
21437
1772
2708
4170
1417
2184
3878
6262
15611
3334
13849
14041
4617
1983
17476
22895
6639
4788
16398
1083
12844
1549
8715
3551
13227
3895
2123
39050
5382
10548
1874
27338
1282
5826
1293
7181
11178
2920
7371
3538
4232
3343
16375
11449
22392
1591
2664
2996
9478
9721
10346
6790
2227
2728
13220
1998
6197
4393
11133
5604
7464
21283
10293
46556
10913
5002
12510
32640
25228
3911
4073
3206
9747
5787
19233
5725
1259
14853
1666
864
17468
4504
12819
11497
8401
2575
10109
5927
21159
3787
3211
5303
7798
4905
5123
5770
2053
5450
7214
5261
6587
15962
6114
17158
3279
1591
5312
3398
2408
12306
2820
34331
29734
4771
25809
7835
9875
10737
5222
8502
11412
12004
3945
3900
952
2678
2301
15011
5871
2487
5472
4009
4925
3572
20216
14829
2657
4771
5389
2388
3926
7001
24800
6130
2154
7897
2866
16988
10140
11694
35900
21697
856
7737
3927
6046
14024
2522
14130
4656
3547
10573
11233
9851
3500
5755
7784
7504
7873
3909
2346
10385
14601
9208
19571
51124
7073
7745
25770
3984
9170
18972
1520
2702
1346
7019
12842
4940
9474
1280
10177
1592
5069
14043
1756
5881
3130
33535
6952
5142
912
25484
5099
1114
3378
22493
4483
26883
19961
21378
6701
34809
6450
6755
50329
5600
2772
14038
8863
7821
9531
2906
1326
1222
13775
3431
2540
4133
15244
7628
3738
2719
1192
9363
4098
17854
1704
13345
7018
2355
10956
7275
6524
5176
10821
3111
11970
14436
21389
3343
9300
4696
977
2954
1292
17491
2519
7364
15016
7628
4701
2273
6857
33560
2101
8109
26468
3022
17311
1997
4225
8398
5319
4357
3632
10227
7424
24150
1639
5323
5460
7518
4833
54242
10784
1237
3026
5731
1716
3384
15245
14214
5420
3803
4071
3204
9772
7460
11286
15354
3443
2181
2277
15611
3225
4120
5503
14712
3741
3587
9466
23034
9087
20489
5495
1318
2532
2625
3463
21089
16488
9938
11814
3087
3388
3839
1435
10292
1734
13385
17479
2090
22962
6887
1842
11748
27466
17430
5850
2397
9007
8438
1524
5366
4137
7772
13789
25476
13501
20020
3762
28150
3204
4371
3569
1746
1840
12924
11639
2247
4166
10587
3403
20041
32051
2118
15761
6645
1722
3173
3374
9001
8030
16846
1981
3421
13937
17164
17942
6906
1187
11510
5873
5908
998
1487
1432
8964
15222
4618
2039
4303
1134
5054
1979
9962
11239
889
5491
26991
5349
4189
3266
9938
20112
11175
1224
1696
1559
3856
12590
2315
8167
2612
7069
22585
8405
12965
10801
10346
5779
10163
1862
8246
1141
1574
9156
8188
16498
23036
14924
2435
5590
13460
1813
5244
5867
5317
7310
9383
31345
5876
5577
1270
6054
13291
7271
23107
6709
3576
1879
1063
10239
5956
9040
39634
873
7265
20147
15716
16591
26338
9593
2020
5593
10803
25479
5771
4544
24460
1142
5848
10050
3988
3232
3869
4935
5916
8866
13500
11789
5599
14479
3846
2594
5717
2819
25370
15709
7277
36926
1349
10062
16487
1569
925
16913
17109
14526
3284
9916
2559
6162
5657
2352
5508
17766
38148
10342
13954
9368
3118
4035
2503
6096
1564
17383
9333
7349
3178
15396
6595
23577
13813
5435
17777
5529
1780
3237
5285
7178
1902
13182
1271
5245
1994
16856
16285
8032
17590
10703
5373
8372
17239
6661
3389
25386
8639
1589
6223
2629
15114
3186
10104
6799
3615
7669
2079
1111
22248
10246
28390
3307
10969
5518
5222
10692
5193
19609
4697
9601
17414
2595
11160
5534
4416
3731
18111
24200
7415
14237
22805
4809
12098
25213
12688
6829
2215
6535
1296
21493
17171
37655
14321
29810
10193
6965
7676
6429
14541
7934
8190
7010
13527
10972
3558
39491
9938
7762
4754
32239
10953
9753
42949
1534
5620
2087
4678
1333
5098
6001
14228
26214
2564
10638
6007
14311
9898
6375
9829
3085
4700
9364
4136
7711
23232
16632
1513
8350
12934
19362
9441
7537
3904
5231
17649
34206
3189
10107
3484
16666
1965
28005
5673
1321
883
16529
2720
9669
8617
6045
4956
11268
29461
64441
13429
16562
2819
34250
5720
7668
1771
2919
1216
2532
12458
7736
3387
9107
6455
2824
2447
9008
8506
8259
10240
10873
6081
29148
1588
1790
12806
6040
7812
12259
7785
2275
11691
6126
7493
26867
6662
15284
13150
29838
13357
6337
6605
9739
8349
1746
9353
5784
16596
6494
2663
41646
6057
5569
5538
2518
10853
1303
52392
29184
6418
5927
13307
6491
10270
6858
13467
10146
1278
3195
29061
6494
14821
13368
13677
8881
2289
9433
2301
2680
13822
821
6252
2491
2128
65917
6135
16775
1804
6149
5481
12344
1752
14832
19742
1553
3546
16308
11302
1784
1859
4023
4372
28469
8181
4039
10761
16808
3432
6116
1593
6136
1276
1209
1247
8696
9125
10565
12690
18873
26104
7728
2702
1571
3167
10933
5797
2052
5356
13669
2389
8708
12701
6608
14842
25851
11173
10648
30154
8750
6799
5246
5918
1622
23330
1768
12622
5183
6180
2525
12383
21110
15941
1648
14735
11968
11130
15523
2842
3048
1433
8764
6214
5091
2021
3580
11771
4989
7787
10313
3053
4913
2246
29274
7878
7331
13813
2382
16331
1986
14608
17776
9393
22659
3864
32365
3353
14823
978
5986
2414
3220
19584
4231
3207
14195
8306
9247
1311
2530
6880
7959
20098
10082
9945
11904
2040
11908
4901
8672
1820
1338
15898
13607
9132
7007
13065
16922
2190
7770
4423
13058
5635
15573
11057
10336
7808
3796
2829
9021
20059
2908
4234
2744
7740
8358
9258
1610
9477
7068
2611
5103
19823
17442
26718
10035
13284
29042
17093
6912
5460
10387
11723
9849
9289
8114
10970
9694
1384
893
1765
17204
34899
2021
1856
5285
2923
27828
20070
6785
21508
2695
6216
20168
7576
6440
5035
6592
14617
9970
6477
1639
1570
8624
8477
3703
3621
42402
5920
10422
3834
4892
3811
14298
5076
13702
4709
30427
5490
5501
2312
18787
3087
6263
14501
2341
23421
13617
5387
22637
4176
9322
10997
2974
7202
8765
20096
29213
3365
6469
11530
7180
3515
12254
16311
8026
6285
6207
1862
1389
4197
1069
4888
2645
12835
1818
7871
13743
1143
3613
2494
19518
3734
5060
25735
2728
20737
28618
4539
9084
6182
22272
4990
7420
2669
1801
33539
3135
17907
9117
14154
9424
4233
2130
10256
7393
20985
15137
5715
18639
32838
9308
14775
1926
25320
9737
25425
3283
2307
5983
4062
8919
5217
12193
2232
1466
4820
11842
10679
3258
19929
9242
6290
24692
4046
2245
22153
6238
11562
22170
20401
8952
5255
8402
2368
16332
29441
8679
12123
2777
15602
48070
32457
19952
2662
8740
18717
1187
13420
1906
13082
4893
14817
10042
14202
28579
20267
10463
5325
3929
31776
18728
1050
8587
1818
1977
19612
968
7427
11396
1526
1990
23220
8226
8767
929
968
7478
22368
35114
3591
1787
14320
13849
3760
809
1090
9449
10476
24267
2474
906
13026
9373
27355
16037
7249
6463
7262
7972
1135
5130
5606
29106
5442
24694
30139
8842
9512
8955
3101
16759
7749
8862
2132
5041
11707
7400
7950
4839
2878
11682
2330
4902
3623
4915
5377
14068
13415
8622
4994
4424
4559
17306
4885
15241
10071
19209
1834
6807
1361
43372
18431
13990
7698
2529
8046
9941
13027
2765
11343
18066
7709
19628
895
23768
1131
4100
20821
3837
3103
59806
11626
2737
4978
23253
8903
3977
6169
7895
5548
3515
11796
33378
7721
15680
7052
9935
13390
7387
8248
3949
6912
12645
4736
1683
11103
6328
2599
5848
6282
13343
9747
1453
5202
841
9372
4864
6892
5903
9760
15443
12705
10703
8157
3348
1552
1612
14488
5509
12949
5134
12368
8669
2213
3200
39827
3642
2876
6883
10167
1601
3297
6282
24581
11582
1077
9536
6685
7350
3628
1179
1986
2214
33685
25674
1849
9147
1120
2875
4742
4974
5404
11814
2465
8656
1533
2837
972
2788
31662
5593
27589
9457
3175
18453
14483
7046
8238
28767
7561
1856
20916
3887
5710
1006
24142
2721
13548
10456
12073
16351
25646
18329
5294
6874
12846
9788
12788
2513
2403
3911
7040
9451
1116
19064
26333
7655
14119
12157
10101
5192
9175
16439
22809
4217
15421
10974
1649
7922
5309
5974
23534
17939
4645
10463
4155
6602
1840
7083
11569
1402
3218
2013
4482
12129
16883
1813
5738
10833
5883
24664
2990
20249
42732
18258
10869
2208
4869
15762
2148
13754
18044
11120
11201
15783
4399
4379
6363
12220
2500
5037
7865
15276
7235
1497
18257
4785
21887
30600
1406
8498
3370
15240
33422
12158
2715
8239
11746
24315
27431
2878
11147
18947
4198
12417
4997
3307
3166
8788
4905
13007
2806
2739
39608
6493
1482
19936
13830
20973
4142
4683
26392
2044
3238
2147
2471
14645
6466
29676
14978
2609
6865
22586
3003
4934
9410
23786
11431
1578
7295
12454
1252
5930
8053
4470
9931
9420
12443
18842
3938
14655
16440
5605
14521
2785
32147
2088
8949
3150
3541
2721
4934
21249
18529
5136
48885
6983
16100
7620
5982
1543
15736
3777
7616
3698
5315
1796
8253
1093
6402
9575
7725
4591
12780
9384
2345
3711
31720
26652
7289
6688
2008
9565
47591
8957
26631
1224
2720
12986
2725
6240
1893
20414
6680
2771
8168
14810
2813
26105
16114
1218
7070
10193
10610
7014
1807
4284
1074
6291
4439
4722
5641
6363
25169
1899
10134
6203
10457
3112
2968
6512
2602
25216
2296
4624
1816
13495
9317
18591
15236
7686
4737
3828
16756
6441
10818
4866
2964
13255
2099
25456
8673
4616
16091
17757
3714
6867
11265
4424
7123
3790
2600
15960
1316
8840
1101
2092
7872
4703
5016
3311
4678
4624
32863
1706
7005
6644
2969
28280
9434
20587
1174
2825
6668
16993
8300
8845
2493
11991
3853
15641
9022
3464
4773
1747
14666
2202
15330
1434
26735
10585
3619
5893
16175
11879
2745
12818
1201
4549
15631
7451
3481
1516
1446
11484
18692
12851
16402
15529
3589
7801
18156
4732
10401
23960
7209
4324
12825
4958
10944
28345
1765
4625
2284
4408
3185
1941
3655
5788
12218
6159
7957
13789
7992
5620
9938
2214
6618
17187
20087
2075
29190
972
6715
12401
7581
2472
2220
8107
2496
19937
22398
7331
8098
2072
6190
5035
21446
17884
24039
5374
6263
5399
2493
2360
4353
1898
1690
4218
36243
2298
24504
2388
31202
10522
4999
12422
18288
14402
1479
10481
4499
21485
3135
3714
22574
22081
2857
11947
4357
2215
8184
8223
14141
3958
29815
10677
5012
4425
7776
7300
15948
7603
7983
19524
15441
4098
1992
2848
2425
1926
4354
3833
2111
5622
9152
4007
4450
4104
33041
13663
7155
5858
12623
22316
1210
4008
6417
6046
6683
1973
6290
9871
1219
1669
8598
12626
10083
4176
7140
5661
9777
7991
2112
14293
18607
7952
19775
14961
14755
2158
24471
5001
10371
8205
14127
1170
7973
14773
20470
2448
4443
3857
9016
5353
11549
2012
4688
21590
2769
12355
13257
8584
1051
5620
1009
20158
13185
1165
5571
1015
1630
11065
8607
8776
4263
6912
2383
8512
47406
10887
3550
22833
5182
5102
8722
4110
17699
27416
17288
8071
3325
6057
2686
1304
2322
14500
5815
22553
5592
3438
44789
9779
2070
5845
17458
4429
31534
25551
916
4041
10679
1921
5375
15254
4324
5078
9370
22215
6267
20428
1819
9701
14164
4817
6961
7803
2850
6188
2997
2388
928
4760
22041
4108
3607
5469
3974
4127
14903
3403
4805
16463
13504
4694
4435
2262
4330
3791
3807
1045
10819
37747
4831
10316
8111
18908
2368
2965
3152
16928
8724
5871
6069
5146
5680
9331
7390
10126
8101
10396
8270
19775
6167
5525
4485
8704
7601
11031
4586
12159
8833
24718
27399
5329
20250
7415
10955
6706
6551
2667
2919
3632
2172
21154
8109
1940
22547
4665
12307
20939
2985
8705
13293
1871
3446
9479
7219
1832
15704
2247
3677
7407
5680
9576
20165
8583
2875
2130
4997
8836
6811
38536
9782
4521
9615
10515
2446
2666
12589
16277
3138
16338
5731
8675
1268
3323
1097
2812
5536
17382
1774
1249
4304
6853
14633
16211
27803
14554
7799
6243
2922
9113
1581
3452
5083
5371
1639
1536
4239
5590
5291
44978
3207
3671
2207
23167
15499
21303
14500
28552
5945
2925
2178
16577
23601
4129
3105
9125
2580
2973
4003
3227
3837
24151
7372
48286
17251
6893
3102
3541
10240
16330
1432
1705
39219
17181
3407
5385
6554
20590
9339
6545
14501
8146
2292
34270
5061
24744
8087
9857
7910
2692
2720
7363
21525
3423
1706
28312
1296
25089
5989
35628
13859
7745
1273
4476
8514
3180
1730
59557
18786
4942
4445
34702
20387
1307
8212
3381
12243
2525
6398
6878
14693
37812
7188
30584
3521
9972
11333
3230
14590
13537
3959
6166
30865
2346
3654
7807
28137
24063
7021
1499
2224
2064
41680
2939
7482
29695
14899
19321
2136
30720
7848
1878
27955
6204
10799
3842
4168
23217
3460
44999
17341
6588
4442
11205
17897
1974
21610
48574
11886
25664
11526
22776
1692
7428
16692
4684
31248
16096
1140
45409
3890
13063
12600
16524
8223
2081
2454
7074
35518
2799
1356
2555
4677
9303
3415
10213
2071
12350
1638
17005
7671
2354
35922
2050
2981
17285
8997
4159
5086
1650
27165
8488
1393
14229
10023
15238
4331
13006
2447
19893
3128
8066
2645
8464
22582
7550
17787
1654
13942
7127
2128
13645
2009
5673
14734
7812
14509
9839
20730
6045
2436
4043
5198
13837
4428
6788
1207
9311
12101
13073
6612
2170
12757
6877
3385
9859
2989
38566
6932
1768
8976
3889
1925
9065
3302
5126
11876
34324
4902
13338
2582
4225
18351
14475
11365
25636
13087
2664
4751
17050
1687
1899
7256
14384
4247
15632
21759
1605
10658
4938
14323
8211
2038
53829
2618
4974
1437
2096
12959
13996
2431
1139
15378
1375
18478
14980
12542
4010
2168
6621
8778
28241
5101
5375
2620
1820
4666
3299
1706
30357
2803
27763
3731
2553
3866
5754
8913
20871
5314
3881
2004
17293
18427
6772
11888
1813
20935
7878
12796
1948
6879
4086
10148
16468
3936
7963
28089
10535
19944
6858
3926
2976
5187
3726
18177
7311
5613
4089
8940
3696
1970
1191
1162
1086
16387
27403
12481
1478
6685
1573
6587
3544
5127
3917
2245
5859
1461
7470
27176
1237
5241
6729
3636
25555
11508
4349
2888
4770
1193
9239
12861
2623
3659
15342
40226
10128
2887
3819
35695
9656
8896
31264
10188
6197
2942
10575
7343
1983
5700
10132
6153
13152
13938
1362
2115
18516
2453
12101
9398
17681
11481
5796
10614
3812
3165
4535
5678
2034
13179
2463
3697
2258
13514
920
7263
2097
1678
6548
35198
3435
10726
3194
15029
14204
9357
8527
10705
2101
5613
5040
16470
16866
19237
13560
1703
25790
5824
2858
18179
3364
10955
1540
3825
1429
2797
5457
6837
6204
22916
3251
9598
7848
7017
3163
1986
6491
15192
4242
3789
3177
6807
2423
4380
2510
18923
1751
18672
5131
11750
8588
24272
27950
11775
2267
1625
3444
12642
17416
8367
13698
5597
2954
2441
18252
1329
14583
3094
1755
4884
9946
2405
23921
20452
6818
3237
18327
2624
21827
2972
13317
7402
4055
3320
4948
1446
10060
5453
3852
11932
28973
4811
9393
8114
12885
9087
5197
38728
1152
9131
1525
20274
16436
40636
22348
20598
17117
25721
1322
6061
13760
10018
3962
2466
2039
2190
8603
2266
18573
7898
4822
12842
13568
7881
4084
11888
33656
4622
11789
4880
6645
5962
18205
1959
4095
2179
1706
17767
3469
5548
10133
4464
9011
3114
16954
2053
4808
6821
5059
14010
4839
6308
7524
5555
905
2830
15962
16189
2853
1505
11612
3202
28121
11673
23512
10440
9427
4129
1721
1879
20115
32541
5929
27606
8223
9792
2281
18596
12450
2616
7673
5751
1994
19331
5865
8288
3604
4226
14286
1697
10052
8198
13919
2187
7750
1541
14658
7834
1514
39134
2881
6442
9302
7548
1742
8391
10818
2554
8113
32074
3197
14342
4683
3305
14079
14257
11265
6802
3359
4172
4974
10383
2152
1165
8793
18709
6239
3754
2517
5147
1563
3231
9638
31673
2958
9033
1943
16480
36312
5668
11531
2596
15075
1788
3757
1142
4045
41800
2545
4836
11153
10568
22586
2806
10765
5221
2511
9006
5803
4000
21102
967
26000
2471
3606
42402
1452
25802
2997
1589
3976
9661
2315
20811
1766
10509
6423
30756
2389
15915
4365
5553
12439
10973
2096
2168
2233
21390
1634
10896
10748
43349
12200
1413
13627
8889
31003
3682
6042
1809
8101
11457
2115
7061
19500
15553
6565
5618
36373
2775
12190
13363
11560
7060
19735
40579
2650
1403
7813
2093
13350
14579
4127
20986
22947
27982
4836
4046
5147
867
8330
5796
4659
11191
8657
2955
1266
2944
24543
7767
3788
16013
28561
14384
3821
3661
28405
39394
1786
2116
4952
1769
1051
13655
32106
27095
3105
14132
5711
48582
11358
2870
5177
1397
9090
11578
39909
4824
6753
14487
1157
14232
4369
2223
8616
7726
6999
8549
9545
1699
10514
19609
23235
7900
2886
8834
15006
9916
6338
12023
12548
5361
5719
17723
33213
2774
10428
2009
5377
33129
10778
19000
3350
3957
25140
11030
3480
3499
8033
19692
7100
17053
6941
1887
5900
6233
3348
3408
2064
16717
15907
1816
4850
8715
2762
9074
5323
9191
1320
1330
12696
994
10996
17514
7625
2344
15714
23857
1746
3390
1020
5876
22373
5139
5025
5418
1796
2083
7639
10258
16982
9927
1468
6588
5541
3327
4230
24681
7608
1488
21621
1298
1489
1298
9546
7548
7941
3846
4595
6956
14651
5910
17051
8352
13758
1538
4994
3656
17998
21420
2520
5288
2436
16639
10615
1976
3466
19353
11287
6574
8281
19503
5946
15513
17828
20628
20239
10024
1435
4204
3647
15934
2332
10650
5269
4492
9102
5214
1033
9863
18613
14195
12384
3613
8972
3975
5282
6273
3119
2030
7321
4856
10151
5147
2871
7786
5326
6802
36559
12073
17138
22811
1506
10027
10862
14171
10291
4806
3464
3102
4571
5649
12200
10336
8184
1114
2148
7634
9088
10595
5946
3662
2100
1154
2147
37261
12964
7450
13433
11850
11290
1108
5455
2732
1867
6195
1210
1565
5643
18062
7739
1748
1143
2909
10481
10835
9813
2475
1857
26312
5692
14147
10734
952
2670
11181
3712
3583
21977
17500
10260
19543
7508
11576
2042
6371
4530
3756
4866
9308
25248
4232
3275
10935
8872
5745
7478
15303
3696
8315
19358
3420
2849
28067
21994
1776
4593
1917
23006
10158
7203
24520
1082
23935
3775
29035
5982
3163
1203
7039
17438
5550
2291
18227
25703
7085
6683
11660
1012
8698
16093
4271
1080
1429
9016
10124
2487
3526
2225
9548
13533
31055
5824
928
32956
1289
23342
16750
13790
2380
1844
6348
5637
4887
766
4861
7758
3477
3162
6111
2581
12999
6129
3737
17270
5742
5982
6907
3167
6409
6931
26255
4489
1320
15469
5591
1771
7739
7852
7206
14046
9567
20245
3669
1157
14610
3246
19543
3828
8837
1150
4004
7474
1166
9327
2890
18334
1878
2082
3647
8225
9892
4334
60382
1752
8105
12863
6024
8115
19798
24566
4428
13307
19908
6705
18831
9171
11925
3342
5302
1526
21808
7056
19814
7041
10659
2021
10983
12183
4953
2169
2282
10562
1373
3058
23029
3786
7413
15150
15713
2733
12520
4501
3136
19787
862
6278
9839
2103
3174
15226
10905
6700
14447
18041
2762
1900
13595
28126
11486
1700
3518
6600
1855
5543
1077
3490
13479
1402
13765
4819
3522
5640
3530
3433
6543
5399
20384
1148
3971
1774
3269
6612
5925
4817
4573
2228
14487
7899
3460
1220
7569
74590
3607
9193
6508
4649
1827
4143
6955
13228
16082
4336
6993
2039
16179
981
9269
4749
3759
2715
30275
9111
3458
1278
18392
19974
21163
10527
12719
17220
11056
2137
2176
10008
21664
3788
6966
18229
6924
2929
1861
15020
11409
1994
1908
3758
7259
15412
12182
2179
1404
3941
10130
6528
3229
6367
1976
2111
2232
8111
34761
3393
1871
12840
3094
10755
28487
2844
11098
3752
2185
4365
16348
7359
6852
3517
13825
10357
996
9391
5823
4421
3191
17539
4263
3530
4710
23738
1127
2484
1191
4169
9968
4131
2292
16755
10027
1608
5972
3764
7591
3599
4782
4285
1099
16434
4398
2977
7860
18582
16605
12828
2953
2909
14731
10884
7593
13505
4277
6871
7310
12398
1135
4569
3792
5468
2536
13888
7971
7170
8202
2916
1388
3685
26735
1728
8448
7258
3662
33888
11984
6335
7615
2808
13615
16435
1929
5620
11981
2229
13572
1339
6474
48515
14146
3008
1866
6056
6889
33854
3847
2409
16956
2608
2164
4743
3674
12969
16654
3386
3888
7783
9376
7733
6257
6997
1519
3708
3297
2704
6316
17766
3469
7894
12064
1673
5774
6085
6681
4833
9069
15454
1159
10736
2481
12801
5370
7058
874
9541
38270
2074
6134
8285
1619
7573
32368
8902
13998
2717
4873
1411
7369
5044
1844
18017
7859
2793
1409
4010
5780
14042
4651
3691
20045
6062
27466
24108
1731
6437
5896
12490
12118
17619
22204
19564
4258
6482
11476
8219
2015
6330
2094
6690
6397
13514
11677
1980
5196
2917
18250
3864
28369
18518
7896
3722
3443
4174
26590
9377
1161
3177
27733
2286
20626
6069
1242
30340
9616
4663
14181
1703
9544
18324
1942
6713
2289
1706
30388
47663
1271
5627
11962
3224
11285
6982
2723
4065
12294
16956
8369
6016
5757
2813
12205
4922
2154
25421
11347
14835
1655
2709
5631
21324
16117
13951
13047
6813
14179
996
4766
7361
18250
1798
10523
4025
23565
27676
46168
3473
3462
11756
7034
1586
3345
14841
2392
1143
8667
1689
22091
1805
4823
3033
7336
8650
2020
14328
10030
2308
5672
3498
19419
6484
10423
4191
3729
1333
3433
2756
1778
13209
6121
3076
15446
30571
3760
8550
2243
10630
3979
5023
12548
9228
7291
2123
1042
2764
2927
13321
4282
8850
11638
7281
16534
10323
5349
7403
18177
4402
15980
15570
8514
5563
7486
1443
8104
11553
13887
12002
1003
1072
1062
4792
5188
11411
4587
10938
2740
15596
5839
13663
9634
6193
4075
2195
16383
7648
3136
8062
19016
4629
1858
8698
7166
3373
11242
26521
9134
9162
8896
3427
9282
68304
2358
1096
7145
26707
9165
5194
20502
4679
28726
32283
2382
2870
3989
13267
5022
6127
3447
13212
3340
10845
4259
6591
5046
11394
9680
7529
3434
2663
2585
10136
14535
4078
16988
29351
13778
1139
3606
2390
7442
11650
6417
8114
12709
10820
1403
12244
18787
3857
6547
835
10533
1251
2352
14595
14021
5310
1878
2627
24263
15447
8213
8895
1477
10338
12257
4875
3686
9203
2267
1162
12049
6116
12479
3562
40741
12490
15878
8943
6188
2467
2020
15294
17292
4679
2321
14124
2113
8697
12288
7008
6933
1765
4459
7375
3676
13651
3115
6078
5990
7024
15078
14371
3567
7479
7808
8397
2077
6136
4434
7976
9978
13739
18816
3701
4605
1719
18393
16266
3064
19813
3796
13266
6824
18097
3260
2320
23292
7040
2581
2697
3533
9616
4847
8792
1589
6781
2486
20562
17690
7287
5206
31497
10604
5425
10407
1581
5744
9556
19160
4273
4928
6474
1579
43927
4186
3244
21633
7953
4779
4287
2289
8483
5272
31505
9432
2506
9464
1214
1886
5464
25020
22865
18325
1032
9614
12696
3598
10852
7635
8219
15151
24718
10685
3575
1254
5722
1321
7384
8557
1926
21289
3143
15391
2361
2926
4571
3505
33045
15094
887
5326
3323
6396
18095
19514
14378
10640
16649
6893
4516
13374
4853
5965
5080
13668
1422
14656
7129
9263
4056
11341
3023
15595
11008
8022
13524
16167
9980
4895
36552
5233
4053
4577
1922
5801
3533
16618
31382
15037
6762
18309
5231
3824
4884
2986
4402
4083
2817
9922
1301
36405
31962
2413
14664
5455
2124
1796
8150
6237
1810
1110
1656
1624
21025
45115
8451
5447
2988
5869
20443
5118
24174
4187
12882
2936
7505
3390
2369
3047
10378
3086
11066
9830
7181
6244
10408
1861
24048
6169
14791
4202
6746
6443
8071
4219
5853
4923
8445
11286
7474
18631
19618
4679
1591
10941
2322
43588
3486
10036
10295
11010
17082
4725
4655
6318
3105
1727
6437
6347
8835
9770
1103
2704
7724
4255
23826
15839
9502
2134
24046
2631
7770
13771
14992
10771
37057
5839
2372
13414
4620
3680
37337
8284
19541
4077
1471
32396
15530
10957
4142
5235
4997
27981
28156
17865
8617
11744
7027
2943
1375
3755
3047
16446
14964
4157
30192
10682
18703
8500
4945
5478
16432
4397
11708
4711
4737
5853
13609
3130
15293
6273
20948
6973
8310
23631
13041
2090
13574
3527
17716
3475
20994
11336
2495
3770
1027
10584
7258
5955
2893
8641
11318
21803
2863
5141
3572
8680
13305
1306
21441
9747
1045
3770
2033
8020
979
11263
6047
12330
1852
13281
1348
1275
5900
8003
7849
2674
24516
6572
8779
12973
3743
10940
17113
3784
9260
1467
4555
1523
7830
7347
8489
22744
14232
6847
1266
6444
10182
10305
10922
2018
5166
35598
13678
10721
3094
8641
5315
3731
3819
1799
10676
16885
8244
4824
40835
6088
5877
15463
2061
3161
2197
2465
1682
3063
20114
2713
14797
2053
20865
13836
7395
5225
2376
4747
6337
7752
1924
2126
4030
1687
7415
1257
1351
18424
1630
7177
18167
9230
10742
10087
7636
17471
21175
1749
933
1378
9978
11744
7998
12032
2115
9102
10855
5381
2215
3259
5338
2151
17450
36343
4775
3821
26717
8222
17327
9802
3612
54011
9212
986
1925
15952
5351
5804
1450
7523
2716
3505
2365
18290
11498
8395
12814
1816
2126
8601
916
5140
10688
17414
965
4920
1789
9422
16299
4045
9744
10840
8477
7772
13493
33640
2116
19131
14202
4859
16589
31848
10751
7563
1927
3737
4643
1899
6541
17051
7664
24867
5814
2524
9002
19836
6485
11375
1573
5094
10737
8449
11523
13750
1611
1621
10182
20026
8491
8996
23164
24761
1444
7387
24333
2270
36869
17616
1200
18109
11694
5152
31300
4086
1518
2987
6409
5112
1948
988
9907
9266
1680
2883
6783
19538
3149
1835
8689
19965
8804
8178
1311
18357
44609
10782
21667
2411
9635
1941
4893
6232
2395
2781
8964
5380
9072
4443
19458
1851
5936
2147
15580
6106
1047
1403
6066
5437
4933
8930
8372
2217
5856
7341
23784
17653
1414
4622
20839
5009
32609
8540
5451
4102
14621
3147
12123
3055
11692
3546
2754
1987
5067
1559
1425
10611
32717
11966
2932
6732
31013
10979
3234
2502
2377
3250
11264
3428
10598
29117
15145
3007
1659
1455
13469
20260
6393
9737
1502
3454
17480
8728
17877
6189
3149
1224
4567
11334
6526
2029
16642
9335
14907
15970
12496
5746
11876
5980
3732
6734
37109
21811
1938
7084
9843
8174
4071
3072
6516
1462
12744
10110
3735
2869
8180
5644
6304
18272
9602
9199
14732
3357
9906
3031
8536
2546
6739
1704
6886
7216
10159
9447
16764
2631
13959
8418
16550
15442
11107
14133
10821
8494
6853
1481
9308
13199
1256
3485
2119
2936
48537
11883
25528
15624
3746
11876
1233
14880
3896
7870
8121
1032
27778
5587
18273
11686
20543
8515
29469
2926
10995
6991
5454
16375
12321
7567
3840
12808
6050
1228
2755
1509
5531
3116
3946
5728
24278
8305
2187
4547
2591
18129
20590
4417
13761
5547
10548
1681
8788
2016
20936
3993
4937
9454
16140
14479
3358
11919
4502
1860
2686
1609
5008
21274
9495
13975
9429
3337
4484
8206
18933
1183
22576
52677
891
1768
3629
3235
3700
21120
15410
1861
2344
2660
4355
18308
5433
9020
11087
1486
1989
10437
10411
11622
21186
8062
5170
11795
8222
7814
6303
9419
5698
20725
5652
14727
2596
6011
3180
12609
4361
1949
2542
17569
7573
4785
6037
3208
13903
3083
2901
2947
10405
13236
1632
5487
4626
2782
1670
9629
2142
18178
6820
9636
7840
4289
8903
11586
12279
6570
12052
8338
12095
5216
5953
28202
11217
18592
24779
40924
8375
3687
14429
3326
2271
13540
3442
6777
1917
22205
8948
2717
4791
14955
43976
4687
6923
6233
23186
17290
7670
5966
9795
17310
1310
4707
2679
17929
7256
14105
5834
1961
3223
9628
3225
2615
10206
3878
87141
35883
4002
4098
26366
3037
1046
9420
6042
4135
7283
5743
14978
11168
821
800
9577
1422
1157
5384
8066
8196
1949
4342
3578
6607
1958
4380
989
11039
16569
1811
3941
6856
1923
6016
2414
6532
2577
18371
3580
2546
11781
5215
14916
10074
6655
9431
12295
3893
3198
9874
7492
5291
1123
27679
8047
18319
7652
3341
17722
22501
4761
4743
14485
23963
5682
6294
15564
11023
4694
18567
7805
4230
4504
6594
2272
1251
10442
1130
9148
7021
2585
5338
2463
30717
3211
2003
2223
10438
29821
1838
5532
17529
5879
5270
9404
5434
2274
19904
13088
4997
1215
2012
18813
5324
8284
6847
2827
7647
31274
23396
937
3119
4260
13721
16933
13176
2405
2212
3149
13577
1637
60374
1549
16389
19759
3885
11501
8944
22986
36879
14942
3285
3733
1137
2257
20302
23998
1174
4894
2966
5239
13686
5808
7316
2858
2700
6086
20283
25671
1283
23260
12605
15209
4838
3076
20654
6021
8693
5999
8102
11502
6800
8968
1657
26369
5118
2063
4235
11635
7230
15791
4430
13662
4500
9107
13265
5830
9564
2110
11798
2782
1456
4920
2333
1252
6052
11061
44740
3012
7586
2594
16481
18043
31399
16883
1611
2448
6391
12194
15065
7631
6973
14136
1430
3357
37924
7676
17183
2218
5010
3658
8992
3160
8008
14350
19903
3788
6263
7592
7820
11861
2148
22659
1269
21139
48691
17479
2390
1460
2800
13327
22142
6732
2154
6338
4984
7585
6208
5762
27440
13089
19294
4047
2429
16033
5054
13484
8183
4398
3022
6496
4366
8110
3340
3147
9828
6037
3430
5287
1029
11427
9173
15613
15278
3929
5219
14049
19087
21177
7652
20683
1392
2402
5145
32611
9445
1901
9950
4097
28633
8854
8070
6427
12945
4995
4360
9246
5941
13611
2599
4388
32492
4553
7351
6405
9140
6291
7480
2525
8085
2398
1905
20929
8473
1463
3366
13457
15177
9396
5714
1656
12105
1913
13522
9924
3806
7290
9229
3930
2226
1735
24975
27013
20688
6033
14910
6884
2871
13399
18110
12982
9811
5120
10777
5567
5839
18566
5149
4354
7833
7239
3760
3328
11298
2503
13290
11792
15488
2002
27818
13965
3446
7232
3483
3819
3972
13033
5578
5851
3343
2727
12387
12990
9304
3623
3852
1802
34443
1355
27718
3696
13234
2474
8771
11643
8782
9064
12002
6699
8071
2265
6172
8672
9494
3576
10455
7980
19003
6508
11566
1300
15035
1055
7192
8218
1294
3004
1379
3365
1543
14510
24828
3760
2426
18543
13530
5655
6025
5659
16035
6106
4577
2270
8253
839
5503
2571
1068
12178
2197
1708
3047
2567
6606
2123
24007
40906
10642
12859
5981
4098
6752
1947
2177
1166
6177
6194
9991
6285
10062
5266
1751
3388
1422
6770
7577
3644
3593
13163
9577
5843
20270
19456
3424
31654
8285
10596
10103
11289
16254
3695
3861
7355
16228
20525
1354
2440
6023
14448
8848
8330
6711
5833
25570
4190
2673
12507
2051
14176
3927
17048
23567
3273
12491
5250
11335
9219
1791
10310
19006
6794
1806
9696
11249
9125
5587
1145
5300
4322
9121
1607
3904
5638
12402
1394
23901
3417
7107
7104
5464
9682
11620
10717
21690
21388
3195
8861
12045
16232
25374
9139
3192
886
12207
4538
15956
5649
2601
2837
11327
8227
4511
2963
2262
26892
3273
8325
4038
1484
9278
10111
2252
2751
32599
5421
19427
12891
11805
8773
17030
2125
8001
3811
2700
1234
27939
5703
5500
2102
13262
12127
2566
1694
3452
21025
26890
8783
13870
6988
25422
1341
1544
14491
1776
8793
23596
924
1477
14861
6550
8393
2866
12763
1185
1323
7951
3212
29991
1362
3572
10328
10473
2011
2692
3101
27957
5976
6153
10722
6929
27613
4273
13812
6459
5249
2989
10382
17478
9019
11657
1766
2008
3578
2888
1762
2807
5126
7670
6408
1764
3357
5230
2531
6608
9901
3132
1064
15759
3453
1243
8107
5232
19388
8322
27669
5824
8493
13998
4769
11299
15321
2202
5683
13476
1731
5562
6085
18101
25568
3456
30128
8684
10516
21772
4069
2520
21357
5054
21876
4934
3243
4022
4434
5865
6964
2678
27163
5004
8819
2341
8445
23131
2493
5129
3358
37812
19180
6677
8577
3668
2733
6747
4617
5002
12850
11560
838
17821
15543
17770
8863
24090
4710
1423
2563
13248
1573
1820
1545
24259
3105
2655
28999
1215
3191
5412
3945
4630
2307
4627
4227
1177
2274
17743
10212
13516
1665
1592
22114
4802
1246
11006
1703
4570
5994
6725
11544
1923
8230
12493
35408
22918
3041
9715
21858
9125
5934
29918
4068
22040
5871
6340
2207
24509
13311
13773
8743
2362
10335
1565
2430
1214
1894
11365
14643
23643
2275
7044
20570
22143
3976
2531
13925
873
48395
7850
17416
11998
1498
6069
1320
3726
8130
6712
1003
1938
5656
5423
4577
15110
13776
974
3327
4605
8266
2301
9852
13717
2100
7985
23085
4319
14755
2864
10200
12383
3737
9255
3328
5316
25280
6522
15952
2920
7548
3677
1876
1784
11838
29814
1489
7184
10137
15052
3336
7491
6172
2887
2532
8694
5117
30971
5364
943
9187
3436
6457
11116
1123
4212
1595
13467
1916
3758
2726
7802
12296
6121
3257
30171
10471
3640
1662
3375
5101
2895
30419
4485
2649
20744
27494
1802
4665
3330
2067
1871
17638
3178
5291
1625
1683
7439
14619
2475
12475
3054
11074
6203
41893
3970
3509
3572
5332
3992
8212
20218
2557
1623
9857
2648
8738
4097
12739
14483
3947
12041
2816
899
5191
10020
3802
25981
22691
4134
4017
672
2283
8626
4190
2056
6074
4222
23126
6991
21707
7290
8100
8334
5581
4028
15352
6826
1053
9025
16020
8399
4678
10285
7448
3326
2048
2748
5415
6230
1463
10131
19170
2343
5856
4299
8355
26908
4873
3042
6357
2164
2077
11886
18876
38803
5167
21971
6059
4331
2396
7212
11697
4195
26637
16783
12666
4223
21603
1844
19267
3007
6007
6547
10649
5834
8512
9935
13309
10565
6358
6541
32249
11543
1267
4744
4645
5480
7039
8374
10248
5508
4965
6345
8272
2688
8938
27678
22244
6457
1895
15505
8013
9815
7396
6275
8527
3997
11569
16815
4813
6475
25463
6878
2035
11022
1007
13186
1572
10678
1556
8687
2268
1625
11101
12900
12425
2608
4681
2463
28646
22723
4744
11772
9977
16895
13335
3213
22676
21781
1258
4500
4351
2680
1698
5879
23558
19589
9522
2535
5237
8344
16788
2915
8297
8146
11747
14976
3240
1506
16689
23211
18811
3248
16467
16032
20209
1661
9390
1982
8274
42652
2706
5241
3598
16172
7266
2095
8581
19613
5878
19205
26354
4512
5141
15135
4792
3700
945
12075
13695
2201
973
12794
8947
7376
2277
13677
3678
9632
3080
846
8171
7839
23824
6700
2161
1866
35870
5138
6319
1597
11073
20648
25836
7778
3848
7666
8320
2834
8715
22195
13069
2791
31030
11430
14889
21317
26007
6720
2602
18443
14448
7064
16852
21793
13117
7808
4352
4044
1200
16604
4322
4930
3556
1105
3583
1724
2100
1605
4365
14977
6943
8302
14787
1732
12511
2438
1624
8223
7244
4098
6908
19962
5772
1452
14990
14436
7370
5069
2709
10652
22745
4974
13819
2217
35607
1085
16572
1858
8974
13988
3328
16453
13751
3780
4344
6914
6380
3675
4605
8462
24812
14226
20037
7905
5965
1894
10753
24806
13342
11434
1332
1342
20958
8626
2822
3593
6608
11764
8200
3412
2020
24325
3802
8178
4269
3910
9244
14126
1616
4712
8797
1860
17694
1396
13731
6058
4587
13983
3856
9688
1235
3141
2819
5692
19801
9626
15787
1661
1922
5781
1483
11225
14040
12793
980
22074
18383
3758
5298
8245
9495
14414
30155
6553
1306
4865
1545
13338
3808
5905
8323
12561
18353
1260
12983
1445
3026
2717
7117
11508
9093
10411
3094
1164
26386
1692
26285
5949
1541
1590
8292
2822
14738
18109
1807
2520
2985
1407
3557
9643
9057
4126
2254
1741
9819
3288
9272
6575
8844
2386
26358
2013
5032
2818
1313
8810
6619
1859
6858
2218
1311
2458
1540
1170
2915
21326
1860
8280
3056
10293
4254
3528
22740
2257
28196
8347
5887
5965
18730
10038
6082
4260
8058
16840
7899
11638
3206
13377
13069
18087
1880
8993
2315
24190
23016
4596
8156
15322
2625
1296
7235
6151
3121
12968
17625
10813
13158
4983
19969
8493
1275
17099
23161
21675
2864
3838
16020
3380
17922
21383
11861
3647
14084
3168
1322
2662
1266
9146
7375
6060
6032
8195
13114
1111
8697
13142
21007
2311
8905
21911
5903
9167
4972
5242
1988
14266
1968
11020
10317
16963
2290
20640
7943
8320
14590
9125
8619
1892
13393
5213
16358
25376
8518
1535
5239
12073
22659
8442
8349
20516
7932
10455
23763
5868
6844
1136
8589
15331
2138
6828
2034
33635
22590
23910
4327
11082
5491
3216
3319
10806
8668
7978
1687
8052
5030
14068
19948
8679
1997
7384
5072
10578
1591
14603
10902
8455
3565
7044
8526
6406
33464
17495
21094
15143
14544
1093
16415
8382
41304
10129
6221
2234
8718
6007
1054
5207
7909
5790
12391
22393
3655
4471
6173
8583
34730
20343
45467
1679
3553
22978
6153
8493
2874
1399
2916
28521
11337
15933
4427
5787
4404
12433
26146
1639
2178
1513
24671
14960
14387
2205
41607
15946
3189
3498
1600
4319
4259
1971
6854
5841
17306
6907
3282
5130
1631
10831
4504
16948
25512
1202
5883
3177
13214
3279
15570
8043
4053
1983
15471
1872
4466
4795
11033
4327
16819
1406
6530
14010
16592
14298
4815
1019
4855
26302
3864
1761
15577
1242
3472
6069
13405
20080
1691
11398
2514
6549
20126
5674
6594
10819
54270
15848
3379
11659
19247
1849
2804
12691
9612
25307
7361
14020
16673
1207
17806
12994
7451
796
8994
5711
1142
15666
14652
1984
9186
16952
6393
2698
2337
5803
5956
22051
3281
12330
1921
1481
2431
5538
15061
13089
2207
2542
1557
15883
4628
20201
11869
3480
25079
2173
3251
10245
10113
25654
1662
3018
15727
8139
1459
22507
2919
9814
1308
23602
964
5479
4449
20214
2312
8517
4785
4852
1443
15490
5114
7835
71312
22455
1830
22399
11492
5206
51599
13581
1616
8995
2958
4085
13410
3422
34914
22911
6267
2578
1560
12244
12543
786
3654
6845
2138
4441
6620
6577
16094
13227
24785
12372
18776
22988
16285
18959
9725
3661
18132
18272
7848
14296
21063
3396
2651
18445
24466
3325
6180
3560
35392
22332
1722
5885
7083
3388
7180
2232
21345
3282
3186
7366
33547
9493
14851
15452
2592
2808
8698
14305
3708
5513
1320
4262
29518
9025
5845
14024
14768
12013
17362
1593
1105
15526
8084
6218
7201
18450
7153
13442
5977
12444
2919
1407
4111
8566
1374
11873
30209
31362
6905
6041
8702
15630
3385
32699
11190
6484
7904
12096
17142
24653
3285
20782
6540
6792
5216
1414
3789
1479
6598
2213
19306
11833
3255
1433
9725
14557
31122
9727
22812
23702
1068
3146
41324
11901
2491
4692
1328
13998
1408
2969
2206
1162
1940
5616
4934
6851
28019
1960
14501
8683
4794
19752
2167
1569
16691
5519
8596
1273
2152
12663
5450
19339
2068
8286
4727
6505
7009
19492
1640
4697
10766
17568
11695
928
5752
4432
2359
4646
4665
8258
6465
1543
14500
6955
931
1317
12077
1475
1203
2925
9931
6286
21590
17416
18487
2372
6183
20933
28946
7514
2134
5135
9423
18735
4862
27543
39790
6964
4635
32681
7054
9476
2272
11670
1754
10697
7153
851
10515
3658
2128
18806
16098
3423
2092
26418
1755
6610
9106
9692
11089
2452
4791
5057
11449
21677
1848
14901
7899
5584
4548
1356
26738
9901
18364
5566
7470
14191
9202
4203
2513
14650
1014
6000
10612
14024
2396
5072
4247
15688
18548
1100
2495
3296
1525
2605
1571
5479
1788
18168
7780
5615
21214
2277
21484
4114
3209
15777
2170
14248
1424
19665
8878
11866
6972
1560
5665
6436
5616
21461
11660
11749
15837
3726
23374
15301
8264
13331
9709
3208
5333
61143
3588
11627
5441
2772
1332
23082
26233
3993
4698
8480
26249
6163
10661
5778
12218
3680
2098
16321
28286
8770
23353
6063
18313
18416
7675
6818
5362
3501
5060
12458
4659
14518
2258
8242
1360
1699
13536
6784
4610
3944
3889
1664
1999
3760
7907
4018
25687
18440
8244
4159
10380
2404
9637
7103
16459
10520
8115
1948
1855
5719
14682
5001
3373
10407
2647
16494
23432
10841
1251
14170
1991
8758
8297
6303
10959
28311
8676
2060
10790
5400
20506
15785
21262
1966
7958
4089
2432
19977
9259
2344
4792
3385
6325
14065
6059
4649
1956
917
4567
8966
3608
3064
10076
10616
10688
7386
15212
8983
1734
4150
11846
7141
2453
22190
15276
5920
9292
6574
11855
5127
1654
1824
15716
12176
9304
2821
8576
5646
2858
1275
2276
32424
2728
6188
7598
7573
6999
12623
4164
5323
12071
2342
6598
5460
17022
5306
4211
2030
13730
2353
34019
2100
13393
4420
2013
11128
8420
3273
15118
4085
8688
4208
20888
13439
8370
4990
4187
24056
3099
2983
7114
13838
7893
21658
11760
7626
3459
14423
11497
10314
8310
28279
5668
11562
13912
5643
4616
8409
13574
10964
8483
29122
4992
29168
16106
8805
5694
15710
21755
6635
9506
6178
14229
19018
47117
27856
5939
9360
3098
5586
6697
12086
12843
2005
1220
6111
15886
15496
3785
3694
1037
19280
1346
10806
33026
31979
6216
34451
29129
4183
6380
3764
1174
17185
18257
15545
7076
7391
2777
5700
4667
13506
5927
28061
3487
16058
4072
2074
2212
17843
7125
10462
1674
4713
7905
6106
24787
12255
13767
9616
1082
10487
6491
2395
6084
7291
16371
8178
6936
1590
1413
38200
2043
17545
8001
25839
7039
3615
6681
27654
18398
10518
7717
3697
14067
10314
2916
6539
2392
9607
10042
5769
1833
36455
12572
8748
14731
31500
7777
1059
13526
4609
46580
13037
31851
2683
6881
6754
2475
14633
10165
8685
5711
14554
21120
53244
32980
1489
8357
13753
5019
15582
16343
16591
19503
737
3932
17712
8864
2071
4172
11107
1286
1855
4042
2687
4408
10387
8814
1372
8438
21782
2452
1614
10258
19011
14847
8470
28371
1610
55606
842
3571
8702
8392
4420
8371
6188
10013
37280
10088
12630
8479
14895
17066
9449
11038
7325
877
3653
5659
12296
14196
1161
5768
5968
10509
3617
21682
1010
12381
9105
14986
9580
1036
9348
10318
27746
2012
16216
11094
4962
6439
16941
15255
21716
4585
3103
24689
21399
3400
15296
5873
6685
11687
15709
3166
9186
9050
6454
3617
1656
3613
12592
2790
17930
5289
17865
14521
6439
2154
16291
2375
3573
52548
7494
8161
62721
9097
6556
3463
3189
2762
3502
7064
1153
32661
5237
4518
20025
7675
16030
4521
11432
13145
1008
12994
4222
3557
3049
3146
2319
15313
9744
9130
8114
7433
14177
23333
4718
5403
1475
2676
18214
9656
48537
5001
9889
30827
19282
3597
12788
18477
5916
12219
17641
1335
2111
12983
11666
2645
3294
4471
1415
1765
2356
15997
5760
3572
1668
16703
20410
3515
12884
4053
5438
3867
7217
5902
9973
10451
2549
2940
7487
8010
19271
3948
7103
9350
18051
3826
7724
4344
4085
2333
15683
22688
3923
24081
12483
6487
11533
12541
5913
1886
5089
2503
2866
3513
7529
30687
17646
12603
1690
6305
2520
7082
14670
12841
3236
44209
6174
5394
3376
7961
22257
25603
1634
3877
42486
12195
7578
1598
4658
8313
6851
3478
5363
1238
29620
4636
10817
9458
12034
6172
1419
13149
6920
6978
1190
7385
11433
10045
1938
2937
16492
40815
4089
4528
4376
3015
2455
5612
8557
5103
19943
5623
1790
4235
10565
5612
8076
16732
3435
3250
9566
5860
2235
8187
16635
12620
8113
5051
6312
8527
11079
2896
6805
8049
3411
2770
5103
5315
1789
10792
40900
2721
7696
12241
10263
2355
9913
8065
8603
3402
11947
3194
25339
8557
9480
21331
5490
5149
26521
13793
2809
3037
10326
11870
5915
2512
2687
9129
1108
14399
4736
1381
1570
5466
3198
4372
12096
3988
1358
1508
16294
4369
6089
11672
13022
7589
2237
12060
13752
1915
4018
15057
1814
686
14787
7824
7113
1595
3975
13934
8258
5688
2796
2679
10284
22028
8473
3478
30261
12426
26182
8253
2232
1550
16565
8875
6011
1170
20906
11815
2629
18962
3559
4042
8064
8075
17053
10131
2299
8427
6836
5899
1886
1229
7245
4305
7664
6786
25369
4659
852
6152
8193
13064
18007
8565
21376
13360
21111
7682
13446
12018
27097
24220
20425
20345
1564
4359
2252
7981
19794
6841
2507
14852
6738
1918
1746
1807
7189
19136
10074
13720
3336
9795
15808
6954
8691
27006
7664
5901
4248
1074
5525
17428
5232
25333
2518
14488
4524
31759
15299
6139
3265
12985
10931
5497
2648
8239
9350
1266
2117
1822
9988
9553
11465
15011
17958
11422
2787
1256
3925
9361
8172
6439
32902
1518
1483
6944
3320
19302
8212
18889
8563
17477
23104
5838
6883
7262
2985
18265
4745
7677
991
3841
3092
11803
1742
5764
11105
26095
1343
5877
1965
2287
55950
30076
1013
1037
12421
8147
7217
2630
6827
11998
15922
4875
10769
11029
3530
9402
5543
14351
1929
14742
3982
3692
12873
14809
18523
1834
2110
1945
3280
7153
986
1876
13808
3514
10309
9147
5105
15063
4100
15290
1547
2257
3425
5258
3254
6356
1908
2307
16731
15418
8569
7883
16822
1801
29992
4492
6319
15150
32767
1240
1066
13533
1183
4742
18770
2966
5157
19255
1848
3410
39510
6811
5596
2881
9930
1687
1942
3826
994
4056
11134
4978
1844
6021
28460
1186
9591
6396
24117
13173
14956
6376
5727
22279
7102
22261
6614
13635
13791
12572
7547
7269
35021
4072
10762
7014
3734
924
5347
33459
23490
2124
16609
872
9004
7022
8650
2815
3688
12535
18237
31596
3195
13131
24682
5209
16259
13263
6775
1795
5357
8239
12057
909
22484
3688
5790
2934
5046
16226
1400
11497
21094
4924
7441
18138
6814
12207
1876
1383
5604
27128
2161
15421
3973
9008
1094
13876
1069
4194
20712
4893
1242
10275
2757
4785
1545
5360
14474
2170
4303
2316
2344
12996
7771
4274
3257
7030
17942
24356
2990
8470
7933
9107
1276
6178
12838
7956
4811
6071
4068
14619
13109
9700
1211
7162
4546
5523
21997
11165
10739
6783
1972
5656
11033
11511
7935
4136
13987
28762
10278
4448
2267
11017
15400
6709
6458
9022
8200
21014
12068
8830
2556
34187
9774
2016
11326
6447
10491
3149
8827
3097
5477
9738
1357
9950
9880
7818
1949
11963
6685
9868
2870
1678
1011
5527
4959
8299
7799
2327
5032
6797
6735
13732
9933
10837
1701
2440
9230
8922
1138
1944
68600
35327
9752
2157
6979
4541
24762
2401
3517
4325
2185
1365
15735
4855
14943
14895
1350
27945
40450
3003
3547
2178
9026
4782
1788
11332
3412
3778
26178
19162
8059
14149
27679
5280
4433
2842
1057
3258
6122
3158
9316
4092
3685
3584
17181
9418
10395
1740
2762
10971
17598
2831
8020
8210
11084
12192
3582
6510
6016
5604
23714
4112
4946
17093
1809
3767
6556
31433
4301
5937
27905
20783
8741
11953
2866
9046
23378
5647
22129
9896
1710
24165
11923
22600
2323
18442
11811
14501
1843
25157
9031
1431
9133
22866
4858
3738
5222
6031
1280
21704
3493
7631
4858
1170
13799
5363
29366
9633
10489
11359
1886
1885
7862
1400
5487
10746
4991
14425
2925
18798
23589
12497
2192
66819
9567
11394
1915
4492
5875
12759
7193
12351
15969
10451
17473
3126
9236
31690
8095
2951
7824
9140
2038
9718
21631
3312
6797
39280
39047
12768
4658
5894
16398
4248
15295
18310
9219
14167
2482
2196
4637
3901
2449
7775
2484
1176
6860
6792
11409
7608
8882
2451
14657
2890
2267
4861
21512
2663
7562
32949
12943
20788
18097
1509
7062
7904
2801
35594
8511
10393
3292
2054
6102
6025
25325
29960
18927
3861
11314
27954
5592
6280
5769
15463
1843
16261
8489
6853
1665
3421
7640
5582
8834
4790
4498
11722
10346
4518
8964
6990
32670
1310
2438
2129
11827
2976
15048
11919
2098
10839
44315
2168
6940
4955
11087
11351
16589
12785
8941
31305
4402
2372
6449
6025
5526
8843
7473
4553
12202
6610
9271
21367
4186
4940
10879
1157
10068
6701
1496
9953
32771
13240
2327
7029
3288
4282
20289
12527
3587
3003
9740
3235
20034
6093
17082
7747
1136
7269
2242
10939
18777
8037
2699
1376
4834
25338
4030
8304
1488
11095
9654
15182
23688
25395
14855
1613
985
4197
26765
9909
1057
2646
12188
2358
21973
6788
5603
20588
5928
4080
2412
19387
4043
7885
2407
2961
2252
9768
4638
3928
3035
8458
9065
14920
14148
4525
5156
10783
29544
11012
2771
7935
16267
1364
12894
2692
5002
17568
9737
4560
8634
3701
15067
11454
5220
13144
12772
6094
5926
14473
2897
17324
12438
8314
5783
2637
5309
5127
6419
8876
28749
6294
14843
19240
9737
5088
2017
3156
2426
16880
11489
2098
37093
3015
4797
2952
8142
27240
9219
8686
14383
6334
18175
10563
24173
6482
15034
5021
5298
16720
1347
16364
3965
4470
5191
11482
9858
1816
27295
6164
1984
14203
31677
7481
11302
15699
1357
18348
4329
5020
6580
13378
2254
5573
9576
15625
5372
16380
22002
12064
4039
7341
2753
22455
5240
10188
19767
1710
6380
2470
1670
21873
12387
8910
7456
2243
14304
1621
2148
5720
8848
22298
1267
9236
15139
1698
8994
6684
33213
21745
2260
11031
21221
1376
2440
2317
2124
34233
15294
14880
8355
9536
12916
8854
1701
19640
7913
14023
1110
3941
1730
26905
7718
22952
3815
3131
2335
10968
11176
10128
31889
5875
3497
6551
11477
4234
9317
12927
8661
2727
14567
3030
3259
33734
1475
4815
6162
5137
15569
18755
2726
4614
5456
10750
11725
4439
8781
3276
1886
13194
10037
5280
21125
9490
8194
32208
2079
8445
12856
10086
10036
3735
7597
6479
9759
10927
13700
3736
6114
5893
2422
13016
1812
1262
3635
9574
7907
3396
4962
9237
4337
3104
23828
15538
2807
9639
7385
13769
7554
8433
15648
29540
9247
1430
12151
2905
6425
9008
1826
27643
11477
1269
6194
12416
1435
4614
8302
8214
5514
6196
5417
13755
1455
1125
7796
31004
1944
4299
8211
4548
5202
25706
7943
4681
16930
1447
3055
7005
2797
3860
4662
12140
6872
1428
16981
25546
2450
9391
28122
3319
9697
4391
850
3014
8104
6307
1517
16167
6401
4335
5848
21149
17031
4314
6480
6092
6658
14147
6077
15099
15753
15399
4763
13100
5396
8378
1049
10185
7874
19147
4770
8894
15204
9009
1642
1327
9488
2591
10633
5933
13463
32074
24829
8960
19805
1642
6701
2482
34004
2854
4886
21607
6718
16906
6555
2739
2840
1432
5042
2512
30275
15760
4375
9237
4156
2402
6227
2549
3564
4442
4338
3868
9487
5323
6361
8058
18796
8392
12371
12460
9376
3489
6897
3122
22517
3280
7024
8930
3404
18429
8515
5770
23485
4300
4357
1800
4165
25337
3506
9172
12763
6477
19340
3250
5506
22106
3150
13339
2418
12428
40816
7629
13313
14448
3707
39479
4949
28061
1535
1827
7472
6591
3367
2325
1954
1996
7287
14320
10526
17007
13836
20362
11702
5935
6678
13736
39896
1768
4110
16874
1202
976
4007
7165
11479
8359
3086
4234
8205
24471
11851
7947
3982
21587
22575
3432
1709
6902
8746
1060
5689
2950
11503
24169
21014
16331
25214
18066
3230
11663
21801
1139
13248
1926
26403
7313
6297
12527
3954
2754
30958
2861
1794
16367
2768
6512
4196
25150
2755
16779
4647
12645
6090
27169
1734
9094
1642
10417
3739
7519
16206
9715
3604
2995
4443
1418
6323
1318
7963
7951
2068
4065
2764
42786
8235
7631
3275
2183
885
37523
21315
3612
16466
4424
14549
22935
11017
2118
3314
30370
12570
3136
1815
4130
2934
11468
2737
1389
18087
27742
13670
10074
2174
5211
29762
15350
827
17989
7969
10771
5761
28489
14860
16623
7094
11187
4944
4738
6467
2228
2945
11237
1413
1887
3905
22187
21373
3735
7474
24973
7226
2601
10174
10631
2501
27540
7614
22090
6645
3788
7554
15477
5515
2902
27966
3178
8598
2254
8895
14261
44972
22458
3397
4400
10201
34837
5205
12266
49897
5278
1549
9963
6823
9796
4066
18280
7939
1321
44907
52167
1700
1762
3441
2375
2453
27693
17711
8235
3331
2280
2313
5004
3971
11141
1758
4065
14386
5767
2751
8268
17644
12997
10761
19353
13867
15597
2806
1075
12318
15442
8583
16500
7353
26273
9340
7371
2786
11533
1040
5682
25746
6020
6953
11178
6288
16603
768
2536
5935
1360
1969
2944
8606
11597
1555
2439
2657
45031
3857
10778
12441
3661
32780
3383
15643
17039
3107
961
3113
8649
4412
4622
15056
1532
18087
5816
5228
8772
3974
1084
1515
3076
9680
1930
4478
6526
13952
15065
7575
8531
4046
1922
25834
8542
45117
10383
2791
7849
1832
18856
1866
12772
9425
7189
22164
13950
3465
3618
9402
7698
3183
12678
9801
1191
11179
9769
1815
7641
16852
12116
2118
4924
1807
35350
2939
20275
1209
6069
2402
2865
980
10185
2098
12517
37012
23518
2570
7237
7825
4217
4171
6332
39629
11868
2461
12735
15277
9891
1592
21578
62982
2611
9972
15003
8231
12957
10109
10063
8217
10909
11273
6057
11022
1675
6022
17587
5958
1209
7514
7193
35631
2827
1996
2451
5473
1227
19098
25006
2611
1387
7559
912
21770
5535
5226
1024
6512
1278
15102
4197
8797
1971
8558
2355
6586
8284
2462
5497
6997
6214
1685
2473
19012
6430
1063
7899
15100
8259
9680
2640
3005
12804
5955
24691
15978
8788
2227
3224
3255
3091
11090
19846
19096
4889
48606
7268
22161
15777
3220
8810
9928
42202
3838
3270
1358
12926
5284
1787
19729
2803
24129
18294
16608
3303
6186
1921
10749
4415
6047
4519
14559
2725
13336
2363
6900
2571
37411
3523
5480
14323
1396
24075
9272
4366
15911
29685
1319
1028
4901
9995
2606
1886
9642
18166
9071
1044
18585
1236
3279
1300
7196
9163
16474
9250
1598
13161
4254
34227
8375
13129
19970
3326
20850
1724
9659
10799
5471
21935
4914
1530
1934
7920
1328
4899
2022
3555
26095
9354
2069
5060
6188
9350
1839
9011
7601
5486
17865
2005
20144
1692
7703
1471
6776
10195
7580
3447
4727
1527
1485
20303
15657
3335
62438
21637
4521
5643
15790
4552
3893
14868
24171
2862
27397
4047
3032
1009
7059
17078
4122
8278
26349
2976
1195
11138
8961
13468
9135
7990
6913
2194
3209
3883
13696
15633
26940
15143
9135
19208
6426
1678
9175
21182
14681
9421
6657
9033
3772
3283
4521
8177
19797
6378
19827
1579
9234
7833
13325
5124
11014
8877
10414
10114
2453
37164
6668
6717
2295
10931
9441
2839
1327
3448
9127
13226
2726
5315
3956
29026
8518
10743
1093
3666
8105
11471
2144
12205
10127
16450
2077
7294
2061
1393
12740
8805
6150
8659
1645
13594
3338
7739
1342
1405
5179
9315
16927
2657
32696
2972
1986
24568
20477
5121
12925
3412
17576
3233
4662
6135
2984
5129
23054
1272
1493
3230
4417
6387
4314
19252
10430
25155
10903
9851
2273
11203
8178
10445
12622
2815
5674
2613
2259
8374
9180
19071
28359
6553
4427
22842
4877
7022
7617
9096
12017
28109
2525
7147
9620
35631
12991
3000
6985
965
26009
9851
1985
17281
11407
18319
2502
8273
1942
25903
4385
28803
2721
15833
13656
31541
2288
1114
3037
3724
30440
6870
2847
15894
9462
19790
2767
10462
13951
5757
26625
23205
12196
15534
13064
3301
4959
3610
1199
34717
21925
2285
5258
1276
13396
1656
3885
8046
3752
23937
13737
15740
14303
3858
9384
2529
6192
5942
1224
6560
24679
6523
4559
6802
2997
26558
1631
3454
2822
2235
13596
7610
3795
25485
5518
1730
18104
9382
30499
4652
29803
5230
16137
8942
3324
6459
3777
1712
1050
2580
9050
3914
7484
1693
4331
8637
14044
2017
1791
8053
6356
19294
6873
5606
6924
6642
18448
1436
1800
3276
11856
4976
3627
6424
4965
19540
10686
1830
8248
1239
1975
3371
2885
1362
1809
1179
4253
3080
10117
7692
8929
26122
1895
9617
7794
1195
1937
1414
5273
1301
2118
2705
1495
3150
1022
12526
4534
14886
5414
16616
7208
9357
5863
17960
18302
12076
25227
1579
1221
3536
10294
4218
1465
1577
16133
19949
2396
11556
21010
1809
11335
15863
9605
9232
4370
2735
3928
1837
5459
2360
1549
2991
29108
4272
6333
1489
6121
20991
4681
16235
3174
14761
9609
20805
6867
3367
1012
11607
2747
1725
23730
2129
9776
1041
2151
18603
15511
17028
12215
13403
10931
8347
20661
9448
14806
3619
3949
16278
4910
1617
1779
5883
18527
1225
7316
2378
6850
8513
1819
3241
7788
2068
12391
10488
8003
36792
3275
17181
1266
1320
1905
23769
2118
9554
3425
44124
14554
11191
3500
1552
7719
4343
10487
7482
12217
11693
13942
2393
5880
4842
6739
9002
4723
7482
1843
8354
4205
11599
2524
2838
16250
1655
6875
14541
7176
14416
5250
8816
20503
16020
4769
10580
16099
2969
19650
2685
4236
9356
5859
13529
2031
32562
4865
8909
4283
1955
3254
2536
3912
23649
18839
5085
1637
2460
7171
8667
25427
27245
4107
16269
6563
9413
2235
1920
7332
7822
14927
23964
5062
19541
1543
4150
5184
10311
19269
41658
6427
2572
4295
968
11116
1748
11755
7646
7137
9645
1723
10029
2245
2612
12244
2452
14701
9635
3277
20432
7616
27260
3631
7129
1462
1415
3361
8441
6392
8653
2532
18059
3003
6590
9079
22835
3865
10960
9832
2250
10734
13778
9964
14802
26044
2834
6954
10293
13320
11466
1029
1354
8045
36445
5231
18722
1605
4885
1942
2607
3856
5320
28777
4497
2083
3499
36045
2932
8434
3611
2163
1815
1170
4177
9745
3191
4602
8675
2297
1609
1377
1492
1951
30031
1651
7495
3882
28303
13919
18426
2502
7648
1995
8699
2018
2352
3049
16298
6341
9971
12493
2597
15971
14101
4471
11681
3437
15655
7364
1214
8455
1783
8445
9455
1819
2522
12969
16607
14986
4090
7397
1564
21693
3484
2788
24881
7262
2440
7519
5574
6862
9956
10541
2074
5437
3357
3780
4184
2516
11395
9453
3803
5926
6790
1231
3791
1524
25998
12789
2780
6803
8362
1749
6109
13965
7036
18753
30085
5803
67787
12596
3473
11744
21014
1152
10864
7949
10309
3021
19787
4806
13866
6854
14583
1183
3748
11194
4211
4566
4416
20076
8207
4909
15448
9880
2031
1922
16382
1639
7770
10478
5110
2564
13167
6219
13588
684
5235
4923
1416
13171
14276
8565
2570
3439
9007
4857
19534
25385
1672
17075
6598
7401
1403
9252
15608
2260
2329
6466
5171
9720
2814
47190
12508
13454
39124
4309
13755
7617
16849
17093
15181
12210
2098
1517
19575
24395
4390
12951
3351
13891
7169
1669
10612
2455
30421
7832
26553
6022
23657
6188
10199
19927
1254
2719
1888
7626
28840
986
2370
13565
35122
12670
13214
4419
4362
3650
11688
13280
4146
43462
10090
9712
1071
2892
3938
5205
11419
11271
1878
5255
3961
1463
14939
10493
14593
9797
29774
19408
6278
9860
19577
3613
1306
10259
830
10277
3698
3474
12655
2061
13144
1974
14450
3417
7857
23016
3661
8380
3683
6213
6390
5121
4192
25702
7452
8554
1754
1493
20926
3131
2202
5414
2621
1915
8874
3826
1748
32091
3187
6929
1356
4930
20557
4490
9911
3944
10382
6846
20455
16925
2902
8851
7741
3556
2337
4553
49699
10376
10189
2145
2396
14077
1868
7375
3821
8932
25627
1438
6547
1572
1362
32947
6721
21744
13928
14355
3215
5944
8172
16862
1449
1526
5119
2955
17372
11742
54733
5939
6424
5406
4052
22673
2529
15137
1645
4457
5634
8124
3332
3790
32791
2828
2755
1023
10327
1916
2487
2706
13540
2128
1474
9003
10795
5360
5119
5521
12206
12415
6716
18453
12551
14678
12787
7491
4791
10402
4046
9832
12353
3446
8472
26615
1590
11477
14258
11665
4057
19379
3486
1818
6230
13267
10763
1194
19596
2515
2882
2822
12574
9961
15162
4872
36394
9855
12362
24229
4009
16015
7828
5775
1178
6121
5048
3531
6329
3991
8415
2515
4605
5839
8632
8384
16378
1472
1572
11447
61958
18113
8043
21244
41242
2748
9304
2340
1719
2933
15735
4017
20998
2192
4714
12227
6528
1638
6627
16522
4156
3327
1749
8884
3113
12793
10760
2061
29749
1739
2472
16589
7851
10086
24286
1754
7367
14830
35631
15108
16511
11594
10848
2991
6244
6459
5770
10829
6874
1689
3946
15625
8416
11889
6792
2237
39451
28370
1735
4900
3433
1973
8879
16468
7847
6627
5248
3159
21065
1638
27529
823
1780
1746
23119
5166
11741
3623
4664
6033
2326
832
23527
54933
4454
8056
4747
4187
8366
1014
2145
4535
3150
7523
8824
2815
12276
2641
8044
21391
8376
6237
12392
1111
8837
18039
1854
17429
13457
12570
6770
3684
6917
14197
2565
2765
14848
2700
31040
4291
7801
20755
7569
2342
13380
32813
27746
7369
8407
4602
3694
12772
6121
3116
10840
7408
7188
4929
3920
1881
20251
17951
25607
2653
4384
2173
9838
6923
11520
1148
14655
15884
7102
1691
6142
1284
39349
15377
15219
20625
13329
1762
8406
2904
27958
5159
10117
14377
21314
1048
1200
19484
4995
9828
9051
8107
13515
3776
5976
16579
34684
11185
6763
13384
4253
41462
7475
1259
23394
41535
1978
11344
2477
5237
6413
5170
2299
8008
15824
12550
3198
6242
24075
4517
10737
17178
10730
25820
21496
5667
1727
34389
28753
34224
2992
8174
13033
12509
3444
33713
4164
3953
12903
1980
5736
5503
4080
11190
9081
7817
6328
8242
36290
1923
10400
11904
12845
6524
6583
16306
7510
2311
16059
6682
22657
1758
21580
2227
6999
15043
6458
30760
25513
10911
13478
3437
14099
6208
17279
5152
3431
1521
1825
4956
6901
15925
3723
5453
3853
10339
20701
3982
3063
1157
13517
5542
33383
11207
14292
2906
5871
6787
9404
15332
12355
24175
18912
4528
6245
2154
12655
7791
15463
1139
24161
10212
8448
11766
4711
3030
8447
6122
12743
9196
13854
9379
27088
19815
9041
8397
7787
11363
2343
31537
24323
7019
10042
16716
1175
13450
5259
6509
19664
6359
8232
12084
9160
15401
5241
2951
1338
2643
7849
1115
2803
9899
5499
13035
11797
27816
3263
23185
12269
1266
6873
27175
10323
1257
6423
9901
8825
5210
29314
2941
1774
2189
12625
1176
3273
7946
29842
6441
6095
6919
10114
4500
5726
5071
3670
2583
8951
17880
25016
12311
20723
22226
1130
15152
12413
24147
4455
1681
3769
12047
4265
1879
11698
7517
14345
14609
18066
24343
3180
899
4093
4821
4237
6051
42332
5381
2084
6378
8250
8375
2231
13622
7533
9503
2777
4028
1325
24238
3603
3706
4218
3044
6298
3591
2555
33097
18752
3390
4470
8000
9058
13643
13023
15142
24004
5705
7750
6433
5173
13344
5509
21358
4160
20023
8569
17018
4350
9394
33359
1529
7073
19411
23962
10017
10401
10167
25304
20897
4098
26184
2732
10605
39419
2335
2933
956
3347
6600
1662
8831
13822
1937
11205
5048
31148
6156
23904
15112
10601
2125
13201
2329
2268
6510
6300
4757
5299
7524
17650
9514
18909
1594
6489
5341
1329
24479
16327
1748
8156
8217
4733
10732
5433
21608
1541
2559
5459
6633
2395
6385
6041
5910
2316
2793
16678
3769
1582
8738
14256
22262
12713
8576
4896
18885
5555
4713
26635
3469
14684
12352
5632
6448
30312
2370
5497
1802
3167
24835
13089
6220
12935
8077
9351
13111
10387
17012
8769
2660
1723
2879
14556
6932
46389
1330
13842
13587
10620
3714
6875
3390
5505
1544
12650
2069
6250
5540
13439
15978
15652
11070
9280
11010
1258
19577
9117
9574
6863
4878
10033
16743
2669
8248
5044
13356
3783
6129
2729
3287
