
0.0425 468021.81282470684 2.191105950351538e-06 443146.41
0.0475 87643.72373400452 9.799881069056405e-06 96637.17
0.0524 23752.531153195894 3.530073898514193e-05 26779.71
0.0574 9593.922021911607 0.00012577255522656518 8808.75
0.0623 3159.5021395468298 0.00023204885615313967 3678.92
0.0673 1842.3215672152064 0.00046364035678615794 1968.59
0.0722 1014.2146137449413 0.0011234029622437672 1049.56
0.0772 598.7184419689198 0.002001157973134839 640.94
0.0821 455.89163292091246 0.0031193627050501525 413.68
0.0871 301.5232635457934 0.007965605642326653 246.16
0.0921 288.5390081777927 0.008539960711815321 227.3
0.097 207.74808588801073 0.014499703424296916 165.25
0.102 165.90992970223078 0.02178152103586606 125.67
0.1069 164.46723466134182 0.02282193955585585 117.9
0.1119 125.51446855733982 0.040547376262035535 90.97
0.1168 125.51446855733982 0.039732675655858106 87.39
0.1218 98.10326278044951 0.05875021256107036 70.49
0.1268 89.44709253511573 0.06286416683208067 65.37
0.1317 85.11900741244884 0.08894377662068348 60.2
0.1367 73.57744708533714 0.07931854545516717 54.44
0.1416 69.24936196267025 0.10655020005269031 48.92
0.1466 63.478581799114394 0.10545065975548396 45.02
0.1515 59.1504966764475 0.13501270960286957 40.51
0.1565 53.37971651289165 0.19033511369481756 37.79
0.1614 47.60893634933579 0.18355005778534883 34.15
0.1664 46.16624130844683 0.2237899425966033 32.03
0.1714 41.83815618577994 0.22405506228328806 29.54
0.1763 40.39546114489098 0.2360468261735837 27.99
0.1813 37.51007106311305 0.24166354751887573 26.15
0.1862 34.624680981335125 0.28921149450505645 24.04
0.1912 33.18198594044616 0.3630719888780259 22.84
0.1961 30.296595858668233 0.3443844001385996 21.38
0.2011 30.296595858668233 0.3908824659272527 20.83
0.2061 28.85390081777927 0.430364786881143 19.43
0.211 27.411205776890306 0.47329093849228526 19.03
0.216 24.525815695112378 0.5207404291296666 17.52
0.2209 24.525815695112378 0.48235207496895527 17.07
0.2259 23.083120654223414 0.5230146716687588 16.35
0.2308 21.64042561333445 0.613631148917451 15.43
0.2358 21.64042561333445 0.6203197306653649 14.93
0.2407 20.19773057244549 0.6015503919480097 14.4
0.2457 18.755035531556526 0.7163742938250671 13.66
0.2507 18.755035531556526 0.7711654305862716 13.13
0.2556 17.312340490667562 0.8057373102648695 12.66
0.2606 17.312340490667562 0.8075302244377528 12.24
0.2655 17.312340490667562 0.8270512741086539 11.81
0.2705 15.869645449778599 0.764849458119316 11.34
0.2754 15.869645449778599 1.0005798816475577 11.02
0.2804 15.869645449778599 0.9418027869319907 10.74
0.2854 14.426950408889635 1.0823399691653421 10.15
0.2903 14.426950408889635 0.8537500897795454 9.82
0.2953 14.426950408889635 0.9741835786488405 9.66
0.3002 14.426950408889635 1.0967921260637028 9.56
0.3052 12.984255368000671 1.1203479839988417 9.13
0.3101 12.984255368000671 0.937221866529575 8.91
0.3151 12.984255368000671 1.0727394182673387 8.66
0.32 12.984255368000671 1.0915078615420928 8.61
0.325 11.541560327111707 1.1553280577182845 8.14
