0.0475 20044.80489811126 5.333594618204837e-05 19543.31
0.0525 7092.288821010145 0.00013950893819317757 7490.64
0.0574 2488.6489455334618 0.00037508914424783503 2836.83
0.0624 1586.9645449778598 0.0012651184969181433 1228.39
0.0673 807.9092228978195 0.002736012727969573 635.28
0.0723 513.599434556471 0.005001913866514254 433.37
0.0772 402.5119164080208 0.009145762328477091 311.14
0.0822 324.6063842000168 0.01657792257723647 234.72
0.0871 253.91432719645758 0.022348184767218244 186.38
0.0921 222.17503629690037 0.029724548697175748 162.99
0.0971 190.43574539734317 0.03137985938671083 138.86
0.102 163.02453962045288 0.04897146820135399 117.86
0.107 144.26950408889635 0.06491070318472411 101.77
0.1119 122.6290784755619 0.08789582366287312 87.01
0.1169 111.08751814845019 0.09217403596312186 77.75
0.1218 100.98865286222744 0.1220706504319097 70.33
0.1268 89.44709253511573 0.1481224293223053 62.6
0.1317 80.79092228978196 0.17760767935148292 56.06
0.1367 72.13475204444818 0.22789276900143 50.9
0.1417 66.36397188089232 0.2247514836700555 46.41
0.1466 60.59319171733647 0.24456265118602621 42.25
0.1516 57.70780163555854 0.32927744689763594 39.5
0.1565 51.937021472002684 0.35839248194192863 35.74
0.1615 49.051631390224756 0.3886959601276445 33.5
0.1664 46.16624130844683 0.42329609524779216 31.68
0.1714 41.83815618577994 0.39879374129370954 29.18
0.1763 38.952766104002016 0.4873179065512537 27.35
0.1813 37.51007106311305 0.48727513882352413 25.9
0.1863 34.624680981335125 0.5849821028191552 24.24
0.1912 33.18198594044616 0.6788941884647783 22.96
0.1962 31.739290899557197 0.6598711458497328 21.52
0.2011 28.85390081777927 0.6502924271344498 20.28
0.2061 27.411205776890306 0.8758567333948344 19.41
0.211 25.968510736001342 0.8263755574948682 18.42
0.216 25.968510736001342 0.8737515116388036 17.72
0.2209 24.525815695112378 0.951949779904634 16.74
0.2259 23.083120654223414 0.9341112466199256 16.11
0.2308 21.64042561333445 0.9986400788117231 15.35
0.2358 21.64042561333445 1.0024172615807032 14.72
0.2408 20.19773057244549 1.0515530861242626 14.03
0.2457 20.19773057244549 1.1256265836807924 13.55
0.2507 18.755035531556526 1.0207252435178 12.97
0.2556 18.755035531556526 1.0826662692066038 12.64
0.2606 17.312340490667562 1.0633925203889332 12.06
0.2655 17.312340490667562 1.0532722790762759 11.68
0.2705 15.869645449778599 1.211422342791607 11.22
0.2754 15.869645449778599 1.2747076579693561 10.97
0.2804 15.869645449778599 1.1208929341035674 10.54
0.2854 14.426950408889635 1.3757273440130748 10.29
0.2903 14.426950408889635 1.2156794444468515 9.93
0.2953 14.426950408889635 1.0253130719240935 9.63
0.3002 12.984255368000671 1.2728275497540604 9.37
0.3052 12.984255368000671 1.9347517778881278 9.06
0.3101 12.984255368000671 0.9118986267686852 8.85
0.3151 12.984255368000671 1.0470329781112857 8.6
0.32 11.541560327111707 1.5553104242005191 8.21
0.325 11.541560327111707 1.8009164325772988 8.12
