0.0475 8146.898895899976 0.00018354313253683742 6894.08
0.0525 2296.77050509523 0.0005937653085164376 2230.34
0.0575 1223.405394673841 0.002143327726820653 986.93
0.0624 877.1585848604898 0.004745313589329052 644.37
0.0674 667.9678039315901 0.006670028900689423 500.45
0.0724 468.87588828891313 0.015098849503338545 343.19
0.0774 388.08496599913116 0.021847744952578213 275.37
0.0823 310.17943379112717 0.03722118926696681 219.37
0.0873 255.35702223734654 0.04772295532596677 179.23
0.0923 214.96156109245555 0.0628202312241166 151.45
0.0973 183.22227019289835 0.10567503082369906 128.35
0.1023 158.696454497786 0.11500070001748948 111.67
0.1072 139.94141896622946 0.13107221555245135 98.13
0.1122 124.07177351645086 0.15609499731589585 86.5
0.1172 109.64482310756122 0.2067382940998512 76.28
0.1222 96.66056773956055 0.24720369606569942 67.6
0.1272 89.44709253511573 0.2557865129347191 61.07
0.1321 77.90553220800403 0.32388252903362763 54.94
0.1371 72.13475204444818 0.41501708008487664 50.22
0.1421 66.36397188089232 0.4399038028591452 45.86
0.1471 59.1504966764475 0.4819878914008642 41.74
0.152 56.265106594669575 0.6112126411600104 38.77
0.157 51.937021472002684 0.6518888096397001 36.04
0.162 47.60893634933579 0.6288607582633216 33.17
0.167 44.723546267557865 0.8752832299176426 30.93
0.172 41.83815618577994 0.9099747632838854 28.78
0.1769 38.952766104002016 0.8810588211655607 27.1
0.1819 36.06737602222409 1.037686907796475 25.4
0.1869 34.624680981335125 0.9427667475144917 23.75
0.1919 31.739290899557197 1.131685112153966 22.51
0.1969 30.296595858668233 1.3438040368716007 21.3
0.2018 28.85390081777927 1.235245978530602 20.32
0.2068 27.411205776890306 1.3091798895512585 19.21
0.2118 25.968510736001342 1.466948123797084 18.21
0.2168 24.525815695112378 1.2998492870576397 17.31
0.2217 24.525815695112378 1.0324120096151237 16.65
0.2267 23.083120654223414 1.2186446472729677 15.91
0.2317 21.64042561333445 1.4669481234722892 15.22
0.2367 21.64042561333445 1.1032080758835 14.53
0.2417 20.19773057244549 1.800916430283602 14.06
0.2466 18.755035531556526 1.1792558695770081 13.45
0.2516 18.755035531556526 0.059920946072878914 12.98
0.2566 17.312340490667562 1.2119334556955885 12.42
0.2616 17.312340490667562 2.276200783133535 12.03
0.2666 17.312340490667562 1.0115153879357937 11.65
0.2715 15.869645449778599 1.88629525182525 11.11
0.2765 15.869645449778599 0.1479601420262627 10.96
0.2815 14.426950408889635 1.2474069229164007 10.39
0.2865 14.426950408889635 2.113376446263831 10.07
0.2914 14.426950408889635 0.07481777448687821 9.97
0.2964 14.426950408889635 1.0183489838373492 9.64
0.3014 12.984255368000671 1.8009164325750164 9.13
0.3064 12.984255368000671 0.08707702472567638 9.0
0.3114 12.984255368000671 0.08707702472567638 8.94
0.3163 12.984255368000671 1.0946588867130036 8.54
0.3213 11.541560327111707 1.9880171268328442 8.09
0.3263 11.541560327111707 0.20867050785500385 8.0
0.3313 11.541560327111707 0.20867050785500385 8.0
0.3362 11.541560327111707 0.9018765897596996 7.84
0.3412 10.098865286222745 1.2352459792122166 7.4
0.3462 10.098865286222745 2.1133764229760432 7.07
0.3512 10.098865286222745 0.1482791536298096 7.01
0.3562 10.098865286222745 0.1482791536298096 7.0
0.3611 10.098865286222745 0.1482791536298096 7.0
0.3661 10.098865286222745 0.1482791536298096 6.94
0.3711 10.098865286222745 1.0946588797351677 6.54
0.3761 8.656170245333781 1.7275317134655463 6.15
0.3811 8.656170245333781 0.07398870821104761 6.04
0.386 8.656170245333781 0.07398870821104761 6.0
0.391 8.656170245333781 0.07398870821104761 6.0
0.396 8.656170245333781 0.07398870821104761 6.0
0.401 8.656170245333781 0.07398870821104761 6.0
0.4059 8.656170245333781 0.07398870821104761 5.96
0.4109 8.656170245333781 0.9552561526219799 5.74
0.4159 7.213475204444817 1.2861272504922856 5.36
0.4209 7.213475204444817 0.11283436820954158 5.03
0.4259 7.213475204444817 0.11283436820954158 5.0
0.4308 7.213475204444817 0.11283436820954158 5.0
0.4358 7.213475204444817 0.11283436820954158 5.0
0.4408 7.213475204444817 0.11283436820954158 5.0
0.4458 7.213475204444817 0.11283436820954158 5.0
0.4508 7.213475204444817 0.11283436820954158 5.0
0.4557 7.213475204444817 0.11283436820954158 5.0
0.4607 7.213475204444817 0.11283436820954158 5.0
0.4657 7.213475204444817 0.8735181696728492 4.9
0.4707 7.213475204444817 1.011515389593053 4.65
0.4756 5.7707801635558535 1.3757273440130744 4.3
0.4806 5.7707801635558535 1.0624618140943805 4.02
0.4856 5.7707801635558535 1.0624618140943805 4.0
0.4906 5.7707801635558535 1.0624618140943805 4.0
0.4956 5.7707801635558535 1.0624618140943805 4.0
0.5005 5.7707801635558535 1.0624618140943805 4.0
0.5055 5.7707801635558535 1.0624618140943805 4.0
0.5105 5.7707801635558535 1.0624618140943805 4.0
0.5155 5.7707801635558535 1.0624618140943805 4.0
0.5205 5.7707801635558535 1.0624618140943805 4.0
0.5254 5.7707801635558535 1.0624618140943805 4.0
0.5304 5.7707801635558535 1.0624618140943805 4.0
0.5354 5.7707801635558535 1.0624618140943805 4.0
0.5404 5.7707801635558535 1.0624618140943805 4.0
0.5453 5.7707801635558535 1.0624618140943805 4.0
0.5503 5.7707801635558535 1.0624618140943805 4.0
0.5553 5.7707801635558535 1.0624618140943805 3.92
0.5603 5.7707801635558535 0.9982232231036963 3.67
0.5653 4.328085122666891 1.4282712391903778 3.27
0.5702 4.328085122666891 2.276200808886512 3.05
0.5752 4.328085122666891 0.5458793542486633 3.0
0.5802 4.328085122666891 0.5458793542486633 3.0
0.5852 4.328085122666891 0.5458793542486633 3.0
0.5902 4.328085122666891 0.5458793542486633 3.0
0.5951 4.328085122666891 0.5458793542486633 3.0
0.6001 4.328085122666891 0.5458793542486633 3.0
0.6051 4.328085122666891 0.5458793542486633 3.0
0.6101 4.328085122666891 0.5458793542486633 3.0
0.615 4.328085122666891 0.5458793542486633 3.0
0.62 4.328085122666891 0.5458793542486633 3.0
0.625 4.328085122666891 0.5458793542486633 3.0
