19204
2591
37421
24679
11474
83078
30015
177070
25712
24562
22409
39014
163482
150895
28040
2321
67666
24045
32748
44826
79368
35918
62713
230326
18873
88882
30246
4737
2347
167427
37185
3957
29865
51089
40188
16688
2901
63768
147775
143973
67151
80918
75295
46239
31610
6079
7952
24023
22360
16846
18889
14250
73171
63019
6733
77650
4476
11553
71870
77394
29886
34021
47416
5432
23024
23251
15538
11922
16495
4264
72212
7944
6724
5230
50963
54169
130978
8044
11002
32015
120502
66467
159623
91602
115374
13158
4433
132301
15007
6556
49234
7887
20702
7219
119939
36710
46675
36913
61839
22385
20309
1240
169543
79276
14803
32075
58049
71505
2470
22045
44930
17835
96742
90646
9508
3003
135686
202302
69020
49762
89827
189133
15564
7007
8572
16971
74295
17770
3642
4408
35859
98057
189207
89016
18078
21035
62314
10204
3525
22883
80437
5277
3521
14742
37854
17940
32446
13779
80198
103253
104494
91825
6802
57898
40591
125654
66878
14647
6573
45696
4265
35118
8779
47343
29669
63696
32643
39079
129480
24240
57586
24544
32510
4382
9286
15598
19744
47880
10932
30105
89742
88616
47989
50704
12227
36386
24680
62432
11645
50177
20193
72050
123378
183819
34839
99477
184442
87506
66083
97488
27857
2513
69863
7516
93828
43124
22032
27610
37597
8473
1908
44378
45245
74414
177829
52946
158205
27956
54993
4467
31853
31040
18339
22897
58052
28486
1583
8340
44091
137812
119679
35940
11949
37851
9116
101495
2246
240353
7045
39287
64029
80111
18105
10822
194394
89367
32404
11433
51918
9883
14808
26336
11648
24314
13344
25425
12596
17122
4346
33408
251448
69268
5653
79394
86632
58236
8157
34686
4812
10903
129530
47531
50411
46352
91327
76906
23155
56898
44782
51505
13414
123568
32075
20939
59939
47959
30817
168260
19041
36494
22281
61311
115214
67878
157943
7671
65554
3313
82573
17373
56778
205332
53123
97722
2678
32606
7370
13909
48116
63759
3106
65695
158677
71835
26656
67252
54843
14622
6284
118367
59995
5483
1755
178035
47368
107545
83514
68176
5565
11863
182347
2268
9356
91160
28093
62466
29288
12353
19025
10778
21647
10397
152568
80007
11661
9427
6349
43519
20854
24612
17677
14149
133967
18860
160620
21773
31638
71924
28178
54796
11393
5068
9361
3657
57878
42954
44272
23483
64448
63000
18295
5841
22541
46620
30377
17485
110467
51266
6579
74952
57781
141185
4157
49879
82088
35049
139322
30454
68427
41485
11143
17971
150606
4752
154987
10216
10616
29718
9506
5212
121842
55404
47289
70494
1646
44469
98014
12931
21224
18108
18084
32214
15144
1790
4197
34116
23978
28853
40188
45416
70257
59472
12090
11808
21753
13433
129578
46825
25239
34260
27941
37026
21830
160005
25527
85786
14753
4566
16775
1488
4630
9034
14835
33086
33313
3551
18466
36080
4001
17686
2819
13730
16004
30131
115071
6402
30223
35933
54453
20572
59990
10414
56415
8721
14466
36573
59344
31868
7864
8344
46179
32726
54874
91140
50464
36311
1212
32393
100012
44385
67672
3539
12039
38833
19790
24524
29751
35103
18797
30611
29495
85641
21223
72332
111754
180875
8470
62234
17811
45979
33994
9616
52350
21728
24046
31274
133655
37150
27726
14076
28594
52119
30768
6511
31631
2748
67140
18724
73857
46511
240307
64508
173528
20662
22980
65857
108435
23398
50047
68594
13549
8898
3604
35810
25046
165222
11633
3228
3756
7385
54115
15908
90591
108214
51055
128019
79222
21723
9730
14793
29697
113859
155026
185724
42559
3513
12259
13326
5121
2756
36989
149540
69580
29475
81633
49909
112871
14806
21176
64120
29711
7098
18175
106671
28830
7915
82385
68637
2530
219430
12977
22780
40842
29888
7678
11215
17442
55949
96607
10698
45678
27310
25012
27161
32753
10734
6819
65035
80792
76227
74727
10954
40140
123707
14747
13479
6755
56311
6673
96307
22993
96475
21663
44384
55454
103005
17939
21409
28577
82036
18832
3454
91154
21154
12340
62289
86504
4630
47903
48109
11482
29999
49648
218118
29339
28753
8007
46614
16026
77687
199388
3674
16932
14774
40359
62034
19213
6431
136762
16323
28904
61292
68438
37620
52578
90333
65861
5495
21142
49625
10213
20644
83587
27246
188463
38968
4114
13139
18875
6360
8340
14641
154158
23346
45375
38345
36884
44179
42672
75264
49582
133785
146923
104276
103078
64316
65159
51002
148226
17462
43189
19225
20994
11370
3190
28172
4265
18176
140227
1436
84015
69882
45517
9002
30638
12234
43956
82528
53769
73939
97870
54949
86330
5777
6961
57115
47347
44922
42496
113160
91054
6832
45929
27210
50665
6747
21846
44780
42596
37938
42569
29140
25674
62625
26955
257383
6186
25769
15125
11160
1298
42639
54884
59277
21791
35360
19237
20592
47999
41700
15639
24597
14769
41236
50434
71795
33472
40268
57809
12860
24114
5149
41013
17680
230348
81335
140554
40042
87522
4868
62747
63589
25862
81838
31772
6691
18656
28164
41824
28227
82513
79608
50431
26714
109900
11157
9404
4904
1906
2571
16417
87334
9539
86516
13846
20691
166654
6025
198923
114190
5966
3548
10191
21602
103491
9792
66837
7175
26730
3320
94565
1458
64970
15287
4330
11610
239873
104258
32724
42035
62110
13076
136768
11328
11567
68525
18214
30318
115048
18260
90811
66907
52870
79523
25042
65972
5088
64426
7615
5282
17927
23681
15078
61282
18636
65486
21495
20346
24762
33907
17464
23403
37970
16222
35370
28494
11117
17306
177136
180431
54614
90601
32784
59545
9405
10236
105418
4319
7029
22164
23404
30694
69746
91899
39801
47645
28522
2194
55653
1959
255735
41264
38449
17942
38205
21195
220015
31534
88597
21313
44391
8695
51880
4019
111163
36166
66471
78357
28195
11686
8611
119239
8758
47487
49314
17149
102528
33307
29131
10123
53575
52976
7501
110246
34407
5528
185010
59585
47218
162605
22328
15776
111918
21688
51835
3525
10505
67902
78799
5769
17306
3259
53982
56645
85504
78802
60236
22912
48607
44887
930
17924
78547
13864
60602
64203
14985
35781
140046
25472
20768
27383
1226
109244
87698
6427
74360
69206
74781
45997
9736
123148
29442
27333
50196
61718
99534
41707
33885
6279
1907
125130
39896
5215
19612
13576
57167
30651
112834
13841
2132
110667
5761
37130
72573
40711
13740
58981
40079
45912
44722
167188
148441
49612
38115
42726
49394
56530
15664
21884
