2508
6527
1208
1494
4896
876
1522
925
2454
1410
2007
685
6401
2613
7649
2194
2215
860
3418
1054
764
2069
3230
2407
2752
10091
3091
4113
1161
6924
4084
3450
1142
981
2639
1244
3565
1127
1955
3328
1190
2889
1692
5838
9129
1593
2342
4542
1395
3034
2726
2770
7456
11868
1276
5964
2708
1752
978
6547
2596
1214
848
1238
1117
5633
1973
1339
2152
1126
3563
1168
2435
5580
1225
2294
5055
5586
3147
3146
1320
2971
2303
2841
3564
1041
974
2885
1891
1146
1012
1567
2618
1145
2225
2387
1591
1990
2543
2403
1342
2047
1552
2100
2118
6776
1998
1905
3609
3608
8579
1344
4958
3010
2032
3957
1009
2898
7823
1930
4109
2571
6572
3720
3003
2190
2942
2384
5805
2194
1842
3000
2214
12139
1204
4132
4866
2358
2800
1246
997
4173
3462
981
634
1261
1253
2120
3056
853
10467
1326
1468
884
4540
3847
2663
4286
2556
9060
2777
3927
679
2895
2116
2970
1154
10080
4698
7128
5313
4297
2324
3264
1722
1296
2512
2814
4982
1122
2038
1722
995
8478
2162
2119
4295
5190
3863
964
5261
1231
789
2980
1984
1260
4559
826
3358
5986
10812
6547
2105
1840
3102
5508
2273
1559
2699
7653
2678
1773
1489
2081
4245
3400
3288
735
1614
1013
4333
2694
1282
2926
4328
2253
2764
2371
1601
4245
942
1852
1705
2047
4115
5786
3740
707
4690
2188
1668
1602
1923
1426
952
1172
1118
1326
2857
2101
2755
3310
2799
3601
3267
908
2680
1785
1395
10187
8213
1240
2443
1213
4218
3584
1202
4126
3254
2699
10746
2821
2795
1321
4463
1928
2153
1959
2688
839
771
1598
5485
1214
957
1684
3650
3073
2164
1110
5636
5157
1336
2573
1352
3162
4174
2996
820
1572
1241
4292
9674
9062
883
2763
2294
1766
2152
2976
3104
1002
2773
2439
2981
6259
3367
2263
1858
2229
4049
1066
783
5993
1909
1856
7301
3412
5054
3039
2008
2331
2327
3663
9448
1381
3622
2079
11972
6782
4081
2589
846
5962
3195
2171
2408
1853
941
2920
2156
3032
2101
1477
4554
830
8527
3977
6846
1739
2148
1163
5782
1772
3304
1221
1065
1285
2281
7154
1108
2554
5597
1052
3932
7450
1070
1190
1734
1715
2495
2608
1918
757
5454
1290
3413
1154
1766
3330
1440
996
1874
2924
10766
3962
2387
567
2292
2438
2761
1017
4881
4035
3159
4892
1633
4312
1119
5012
3966
2166
1770
1793
12693
1821
1118
5812
1327
1229
2976
3307
1686
3756
1233
2412
1764
1530
6334
1573
1149
2412
2247
1025
5611
2091
2195
3404
7309
670
4994
2663
1112
1131
3392
4301
1674
1999
2396
2683
1392
2868
8108
5255
837
2947
1857
3169
4901
3265
4250
5995
6805
1198
4973
3638
5183
1878
2742
2648
3120
756
4224
4861
2523
3638
4426
1031
1617
1792
7786
839
4712
749
2620
1907
726
6017
950
2554
1521
2998
781
7281
1303
1750
8862
2717
3702
1783
3248
2185
3275
4627
2186
2049
6679
3029
4639
3535
6218
1235
1367
961
3434
6533
6407
2678
6121
2386
2387
1506
1449
1652
2565
1324
5415
1537
4478
1241
1073
3516
1041
2532
1311
3753
3355
2480
3396
6922
2233
825
890
2149
2030
2835
10734
842
2376
4127
3260
2692
2577
2532
1588
2315
1300
994
3339
1222
2191
3738
4670
9976
2674
1310
8981
1383
3151
6893
1420
4136
2780
1203
4451
3623
1815
3579
1393
2273
1059
1673
3232
6100
3212
2418
2310
2504
4402
5404
1853
2355
7681
4765
5305
773
5994
5189
1001
3162
914
4751
10348
1991
1703
11027
2132
868
808
1538
2912
945
7458
2467
3002
1759
866
3380
830
2602
4686
2369
3421
2417
5180
2418
890
3448
2938
5583
5144
1455
1502
4127
1203
3327
1053
3134
4532
3904
863
5135
2747
1660
6532
911
573
1228
1166
1289
2030
1192
1578
2671
7643
1192
3557
3722
5447
1387
2709
1110
4572
9343
7229
2225
2819
2554
1110
754
965
3400
3538
4100
880
3243
2496
5359
2768
2355
7807
3015
1523
2981
6084
3067
3393
2071
1071
2499
1210
1580
1891
2983
1595
2098
2419
4795
1980
2864
3676
1808
1475
11781
3601
4603
1287
1828
5660
1060
1364
3015
2100
7534
2182
1012
1319
3865
1515
1569
1332
2553
963
3048
2906
1082
765
3785
2909
1379
941
3668
3193
2370
1182
5739
2466
1743
1896
3071
3559
987
1533
8409
3884
2903
6299
2413
1489
1118
4130
4206
10996
1156
3437
1177
1946
5270
1761
1599
768
2405
2137
3205
5507
2354
1551
1254
4614
4192
1334
6066
1838
1081
10791
1037
2333
4862
8545
1110
4352
3484
2619
1295
4712
10252
3816
2124
1762
2101
3720
5324
1598
5925
4268
878
1655
2711
1982
1006
2521
4153
1022
1393
6272
1093
8447
11083
1725
1025
2100
1394
983
819
4269
1860
3114
1207
1688
2070
2564
2110
4044
1032
1043
1859
1753
4032
2477
5345
3392
1122
2033
3318
6592
2654
2599
1533
1034
2629
4955
5447
12495
7737
4864
2757
3631
1923
10991
7445
1928
4027
1940
931
2571
1960
6774
790
1308
5138
1318
2549
4110
3906
4117
5403
2331
13587
6832
1833
4401
1168
5113
1476
934
5340
5174
1593
1770
1665
2310
2539
2713
3592
5542
3990
1886
2670
1848
7052
12846
1766
2231
1182
8107
718
1206
1537
4552
2227
11637
10789
3627
4113
2525
3099
1295
1523
3415
3176
2432
4019
1333
4464
3586
7018
2336
7708
3447
3328
1693
1526
3126
6900
2573
1758
834
1594
1845
1355
1940
2439
1994
7607
1578
7119
1097
1755
2676
6496
6562
1604
2112
1250
885
4645
3839
1825
3488
5236
1989
2702
1435
1054
2082
4522
3078
5212
909
2143
802
1595
11199
4846
4661
1783
4839
1127
15909
1359
929
4935
5538
2311
882
974
3943
1086
1110
4088
2567
3508
1564
2887
4436
1701
3831
12007
3436
2367
8159
1218
9805
5696
6005
1378
1300
3299
1901
1938
