1441
2261
1751
1268
1201
1442
911
1232
1508
1245
2650
624
1906
1261
796
1879
615
2780
963
2805
2942
1295
1565
1050
1926
1612
2097
1435
1874
3891
1716
1739
1159
1873
960
854
4561
1099
653
1000
845
1084
1285
844
1551
1838
912
2723
1241
1110
2198
3252
742
1019
2984
877
1135
1382
1535
921
1579
762
4225
1229
3184
1368
1142
1601
692
2024
877
4331
909
663
1894
997
2225
986
944
2505
1771
1517
2008
643
2823
1726
1147
913
3142
827
738
1072
3969
1503
2987
1070
784
1380
2170
976
3468
725
1147
3147
917
2070
1623
1078
1477
1574
893
1328
3449
1770
1755
704
1993
2211
3374
2165
2024
930
769
709
3830
3385
1281
1409
1504
1036
1324
882
656
869
4169
1115
1720
787
2053
1512
2516
1354
1716
1117
2427
1350
1268
797
1259
2950
3170
766
1344
1411
992
1023
4117
2109
1792
1505
940
1427
1541
1418
808
2031
2289
1426
2555
838
1017
1452
2017
870
1218
1078
3302
1851
705
1475
3712
917
2861
2771
974
632
2039
1201
5658
1344
627
1842
1900
654
1077
1674
877
3266
928
831
1101
1742
876
1092
2136
1787
3348
1316
1464
733
655
741
668
771
1727
3280
1596
1733
740
1796
3093
1394
1533
3430
1368
1650
1195
960
1028
594
2080
3651
943
1816
996
2108
1649
730
2682
1030
1921
2214
699
1078
2471
3479
969
1281
1875
716
1532
1455
1011
1094
1395
1388
1966
1153
574
5012
1183
734
1599
1003
1440
2559
1053
935
1110
1127
604
1680
3036
1797
1531
1262
715
604
1478
812
2902
1630
2222
2909
1359
2672
2137
679
1424
856
967
1653
3213
3120
1595
1419
1077
681
919
861
874
908
1723
755
795
2350
1741
1588
1552
513
2322
1725
1298
1987
1319
1921
1254
2267
3404
735
3632
1523
6681
893
703
5234
644
2323
1221
1287
1252
1035
1155
3585
1439
3880
945
1377
788
1769
598
1155
550
1603
1015
1401
1625
728
960
623
2087
1185
948
918
1312
3651
2502
1369
1050
4003
1514
1660
2178
757
629
1130
1322
2434
818
769
1525
1110
1531
892
775
1027
1073
1457
762
2181
1244
2506
971
832
2161
997
2220
837
2523
986
855
2276
996
1115
4063
3278
2463
2687
921
1582
1302
1178
1928
4712
2176
1321
1086
1082
749
871
1257
1580
4694
557
1836
1166
1081
960
624
826
1231
2611
1167
5570
971
964
1595
1665
2364
1940
938
2395
894
894
864
644
1556
694
1052
2217
850
836
886
1216
1667
1523
722
1451
1293
1279
1574
887
785
849
1315
2249
1238
1553
3109
1471
2854
1262
902
630
1062
1125
997
1970
812
1183
1646
830
866
699
2727
604
1231
1713
836
897
2576
926
1113
608
730
814
1985
1669
697
2349
822
941
867
1334
686
1165
1407
2330
1431
823
826
1064
1014
931
728
844
705
1028
2183
707
1126
1220
1240
761
859
567
564
2571
1488
1018
2391
556
918
707
6250
1202
1645
658
697
1666
1809
986
1496
1510
1983
3694
1001
3464
3620
2206
638
2161
836
2240
2370
1318
923
775
2315
1283
691
1776
2721
1130
2035
1029
1295
1177
1870
1854
1485
2910
2693
930
697
1032
1447
1341
596
693
1830
681
1852
1044
892
1745
3348
1803
969
2004
778
889
1422
2037
830
1632
1028
1831
1287
3917
989
840
862
1378
2262
1840
2314
1416
1769
1253
1239
776
1215
1959
1934
707
1079
1725
2967
1052
752
3053
1036
1953
1067
1291
1905
1057
597
808
1033
2922
1152
1132
1313
1408
1405
1135
749
1107
729
2373
1341
1951
2622
772
1431
837
2422
997
737
3514
4348
2008
1285
2400
918
801
1838
802
1985
1176
614
2001
1987
1037
892
885
3767
1103
824
824
2169
847
2268
2838
1124
928
1939
1103
1210
1405
2332
873
1625
977
1324
807
1112
1850
1641
751
992
624
3189
991
649
1077
1604
1623
926
2833
795
2920
1554
793
2621
1423
974
1818
969
672
1056
1004
3282
1866
2048
983
1080
1243
1071
793
1118
698
3083
1638
888
822
4296
4326
1513
1194
838
795
2019
1137
1071
2309
1501
814
1310
2554
1549
2223
1353
909
1321
2524
2507
708
1978
870
607
1220
1578
2993
1247
781
1867
1147
1519
866
1358
1436
829
949
3280
917
852
1669
1687
596
793
669
1560
1806
1442
1321
3678
1064
829
885
1314
1080
2372
1654
2391
1201
693
1027
1789
1090
1818
1140
1387
989
1704
701
522
1027
1725
1216
2542
823
2909
2136
738
1536
709
1474
3302
1401
866
1173
1640
1102
2046
4176
683
2774
2017
1422
1148
1027
1657
3498
953
1796
3137
810
2524
1661
1583
1539
1407
637
900
647
1470
1784
1821
1707
2255
864
1397
1760
1257
1565
1402
684
1877
1991
1136
1937
659
4386
2339
1008
1753
2935
5646
886
1759
722
1080
685
959
2584
1612
1301
1189
1562
1630
947
920
756
912
1304
2723
1783
5202
1420
659
842
984
776
1115
1444
1282
1029
1983
2401
1291
1648
889
2219
1321
2114
848
906
1018
2465
1029
733
3287
2400
2567
781
691
883
2497
1323
768
1325
486
1321
760
829
914
874
1773
1057
1237
1086
1345
2066
1414
1478
1616
2039
2019
632
1696
1802
910
932
2499
1520
2049
846
1431
779
1867
1623
1610
2128
1726
927
660
10379
1395
1049
4272
838
1449
1212
812
904
724
1524
3108
699
900
756
1319
2364
1711
880
872
1251
726
1670
1549
1375
2505
1334
3356
2626
581
1092
1340
995
2420
657
1434
629
1431
1414
2745
1095
1738
1379
2318
1219
1234
1691
2362
2383
1672
2290
956
2500
1368
1178
1852
1907
1331
1327
1138
2582
