5480
7587
16376
1571
4948
11757
1631
3629
3880
12172
22275
11021
4514
6298
3017
3199
11135
17805
4880
3577
25934
9500
6933
17413
2088
13336
4426
2739
3268
8082
12172
6518
17951
2842
3395
6654
33384
19546
3358
2506
984
1109
1048
1632
3650
10034
10669
24789
2727
3360
995
835
4219
8899
8839
1718
5209
27761
2775
17312
9980
29139
8267
23830
12066
24385
9514
5165
44732
4028
6596
8698
2947
15094
19528
6588
3221
14293
21551
5773
9720
6881
4437
8671
44262
7282
30361
17363
4322
3676
1577
4352
16944
4259
2513
10680
2050
1258
7830
5292
11925
16457
2075
5830
8292
12882
14191
20477
13493
37589
1237
9405
13818
3914
1271
6305
13875
28244
46152
6690
1374
1868
29117
9349
27608
6175
33029
13887
6012
11207
1682
3593
32929
4291
4185
1405
2419
12275
13726
14435
13641
11114
2263
8068
3053
4477
11850
2203
7931
2471
22846
29835
4220
1451
6104
9272
6946
2003
8708
10500
20062
4773
16152
9482
5973
13858
6009
12664
2977
18213
7409
7704
2925
4501
3487
3275
4539
5088
10146
19932
3394
931
13226
10946
4463
29217
9059
1927
13197
3638
15844
13906
9884
3050
14033
10165
2327
1970
2589
2420
975
9233
4328
1005
19645
13284
18391
1672
5402
6829
19715
11308
1294
8614
8781
1318
29081
1728
9753
23006
2849
19776
24434
955
22937
11953
20473
6537
17943
3634
13474
5552
10966
8480
8443
10925
4711
16685
9277
5001
8759
9029
9915
2254
3438
1988
1297
1715
40034
9781
1575
4786
13420
4103
7041
2247
2209
5206
7186
1466
9197
5898
9108
12798
2535
3594
9371
7107
10246
15592
13136
4897
1620
1437
4013
2654
11609
3629
10713
10649
2803
2143
2740
1448
9507
3280
8063
7059
6181
10559
16813
829
935
4324
3199
2766
1684
8673
1939
12369
1022
3282
4048
6630
1372
4207
23061
4601
4685
2689
6520
18774
5648
7437
16439
20412
6780
28094
12056
8108
12509
6962
27674
6545
5104
2354
1139
1859
11995
3206
7581
5328
7184
19019
7316
1427
1164
50092
7899
2825
11228
13737
6801
2930
10105
13875
20071
6230
10356
8596
4807
1405
3556
1595
3524
5239
2580
2021
6776
23725
1435
10281
20826
14174
6777
1986
3292
19641
11874
10675
14686
4592
6527
24071
2712
16601
7394
8398
1697
1176
6567
7963
10124
4348
27979
3496
4014
1019
9347
11148
1990
32243
6268
4303
13249
11688
2033
5599
5362
1527
2105
9058
2384
7300
3177
1940
5893
4049
6684
1252
7656
995
6909
1332
14985
13055
6821
2244
3664
24618
7640
1368
9696
7250
4411
12859
15820
14154
4197
5696
31047
10213
1623
11366
1972
4369
2628
1158
6875
1980
19443
1155
5304
16455
5407
24704
6654
2805
12546
11969
5277
5247
16845
6231
6313
11000
9002
9247
5657
1283
10124
3751
9326
18033
19801
13678
29267
15494
5011
5410
4593
20775
25952
9094
5485
20244
4153
5425
7874
18010
7002
4105
21497
11716
25828
6765
9189
4357
3493
3294
2796
7241
21584
2145
13216
5301
9699
7062
24493
1782
8603
15711
3069
13616
8004
1921
4800
12850
12166
11275
1701
16847
9456
19413
15754
11045
3888
2229
2479
8523
2290
6056
7827
18486
5202
7969
35057
15756
4928
3602
4835
7272
59273
7269
8783
8455
3901
10114
12199
9399
1537
10198
5804
22996
10914
13389
3373
3933
7563
2950
10782
10871
2326
6444
26382
11210
1928
1775
3389
2384
2102
1151
17329
14077
7592
10399
2130
3002
3160
2934
3725
11491
2261
5709
7702
7929
2361
3491
10225
7724
5084
2714
1075
2419
3825
33141
2557
3567
3052
13252
2256
5126
11013
18137
2901
8366
21921
2649
4195
1145
4666
4975
8288
5681
6917
6211
18951
4636
7945
2788
30849
18221
3188
7007
4163
5734
1028
11912
3828
4678
7500
10620
8549
6309
5084
11881
13140
25298
4305
18191
4459
14835
10862
13026
18450
16474
19524
2745
32327
11997
2837
3298
17202
4115
9363
5897
26045
6112
32001
16480
2543
10325
1813
9987
14805
11382
2905
5992
8717
6272
8085
56487
3009
7884
5471
1523
13406
6760
9418
7247
38170
2849
3237
1166
4281
5435
11165
5553
12350
2386
20755
2883
1080
10234
1768
15135
1667
7692
2772
3576
9201
22499
6582
2158
8015
1970
1998
11233
21652
2415
4143
9313
13630
15177
16439
1296
10269
9299
25142
21160
9382
5305
3567
9719
4015
25143
6849
5562
1767
28570
2744
10931
5274
10707
11490
5246
47541
3318
3362
21151
7147
3862
5989
8618
16137
14332
8509
16189
11578
3021
3582
5636
12439
18532
9183
2982
6913
18455
2566
4258
8124
4954
6737
8506
1764
4536
12244
11486
18934
25255
11159
32393
10706
5821
5008
17705
1791
51757
6043
34014
2208
14484
3425
4588
16430
5043
6729
9565
13435
2811
4499
8402
20148
16757
4746
17375
1525
4076
1953
17812
6567
2096
16936
1452
1476
26326
13171
4048
6304
3193
1200
12748
4774
20235
2419
4625
3615
5457
3216
6049
19273
1264
2600
15360
1898
3048
14090
22993
3930
4931
1624
3397
12643
19892
14866
2111
4013
3576
3351
6658
10173
1695
15310
11127
1936
22193
15973
7759
6599
3328
11547
3453
2217
6202
1732
11928
15771
12412
6796
4637
1456
8728
4798
5423
13282
3632
3533
26707
7105
951
1499
21018
4072
4807
5957
15334
14033
4905
28459
11037
4705
9296
3887
9091
1314
2018
7385
2230
2939
15476
2262
19333
16055
2700
2018
26644
3835
19396
3029
9596
4455
20585
15676
9843
3047
1958
2148
6074
1212
4583
13504
1395
1599
5295
29445
20057
11249
10511
8454
11347
9002
3803
8761
1607
24973
6101
14828
1656
1450
6327
21880
14521
936
17376
7258
2018
1523
4409
1669
23581
4581
13831
1911
18091
2922
2056
4792
4718
2199
3578
12151
17004
6722
2718
7113
16676
5106
3687
4453
6034
783
3466
9136
1006
1509
12331
12412
1806
1318
9215
11617
5814
9362
24332
2058
15434
11686
11646
2256
15527
1058
14404
5949
5931
4513
2922
5210
13545
2705
5707
18601
11791
50123
1643
898
8157
20046
3637
7091
1333
15328
10936
6154
8527
1876
5746
5586
6027
14794
33324
